,subject,number,exam,title,CRN,time,location,instructor,foundation,division,area,connection,textbook,seats,special_info,hidden_days
0,AFDS,"ClassNumber(num='AFDS-399 B01', link='https://weblprod1.wheatonma.edu/PROD/bzcrschd.P_ViewCourseDescription?term_in=201520&subj_code_in=AFDS&crse_numb_in=399&crn_in=10671&seq_numb_in=B01')","ClassExam(letter='J.', link='https://weblprod1.wheatonma.edu/PROD/bzcrschd.P_DispExamInfo?exam_code=J.&course=AFDS-399 B01&term_code=201520&term_desc=Spring 2015&crn=10671')",Ind Stdy: Pol of Commemoration,10671,['TBA'],['Location info TBA'],"[ClassInstructor(name='Miller, Kimberly A.', link='https://wheatoncollege.edu/academics/faculty-directory/kim-miller/')]",,,,[],https://www.bkstr.com/webapp/wcs/stores/servlet/booklookServlet?bookstore_id-1=525&term_id-1=Spring+2015&div-1=&dept-1=AFDS&course-1=399&section-1=B01,"SeatInfo(max='Max Enroll: 1', taken='Max Enroll: 1', avail='Max Enroll: 1', wait_list='Max Enroll: 1')",,
1,ANTH,"ClassNumber(num='ANTH-102 B', link='https://weblprod1.wheatonma.edu/PROD/bzcrschd.P_ViewCourseDescription?term_in=201520&subj_code_in=ANTH&crse_numb_in=102&crn_in=10298&seq_numb_in=B')","ClassExam(letter='B.', link='https://weblprod1.wheatonma.edu/PROD/bzcrschd.P_DispExamInfo?exam_code=B.&course=ANTH-102 B&term_code=201520&term_desc=Spring 2015&crn=10298')",Intro to Cultural Anthropology,10298,['M W F 9:30 AM - 10:20 AM'],['Watson Fine Arts Center 102'],"[ClassInstructor(name='Torres, M. Gabriela', link='https://wheatoncollege.edu/academics/faculty-directory/M. Gabriela-Torres/')]",BW,DVSS,ARSS,"[ClassConx(num='2023', link='https://weblprod1.wheatonma.edu/PROD/bzcrschd.P_ViewCourseDescription?term_in=201520&subj_code_in=CONX&crse_numb_in=20023&crn_in=&seq_numb_in=')]",https://www.bkstr.com/webapp/wcs/stores/servlet/booklookServlet?bookstore_id-1=525&term_id-1=Spring+2015&div-1=&dept-1=ANTH&course-1=102&section-1=B,"SeatInfo(max='Max Enroll: 80', taken='Max Enroll: 80', avail='Max Enroll: 80', wait_list='Max Enroll: 80')",A lab section must be selected with course. Limited to 80. ,Monday Wednesday Friday 9:30  - 10:20 
2,ANTH,"ClassNumber(num='ANTH-102 L01', link='https://weblprod1.wheatonma.edu/PROD/bzcrschd.P_ViewCourseDescription?term_in=201520&subj_code_in=ANTH&crse_numb_in=102&crn_in=10299&seq_numb_in=L01')","ClassExam(letter='', link='')",Intro to Cult Anthropology Lab,10299,['TBA'],['Location info TBA'],[],,,,[],https://www.bkstr.com/webapp/wcs/stores/servlet/booklookServlet?bookstore_id-1=525&term_id-1=Spring+2015&div-1=&dept-1=ANTH&course-1=102&section-1=L01,"SeatInfo(max='Max Enroll: 30', taken='Max Enroll: 30', avail='Max Enroll: 30', wait_list='Max Enroll: 30')",A lecture section must be selected with lab. ,
3,ANTH,"ClassNumber(num='ANTH-102 L02', link='https://weblprod1.wheatonma.edu/PROD/bzcrschd.P_ViewCourseDescription?term_in=201520&subj_code_in=ANTH&crse_numb_in=102&crn_in=10300&seq_numb_in=L02')","ClassExam(letter='', link='')",Intro to Cult Anthropology Lab,10300,['TBA'],['Location info TBA'],[],,,,[],https://www.bkstr.com/webapp/wcs/stores/servlet/booklookServlet?bookstore_id-1=525&term_id-1=Spring+2015&div-1=&dept-1=ANTH&course-1=102&section-1=L02,"SeatInfo(max='Max Enroll: 25', taken='Max Enroll: 25', avail='Max Enroll: 25', wait_list='Max Enroll: 25')",A lecture section must be selected with lab. ,
4,ANTH,"ClassNumber(num='ANTH-102 L03', link='https://weblprod1.wheatonma.edu/PROD/bzcrschd.P_ViewCourseDescription?term_in=201520&subj_code_in=ANTH&crse_numb_in=102&crn_in=10301&seq_numb_in=L03')","ClassExam(letter='', link='')",Intro to Cult Anthropology Lab,10301,['TBA'],['Location info TBA'],[],,,,[],https://www.bkstr.com/webapp/wcs/stores/servlet/booklookServlet?bookstore_id-1=525&term_id-1=Spring+2015&div-1=&dept-1=ANTH&course-1=102&section-1=L03,"SeatInfo(max='Max Enroll: 25', taken='Max Enroll: 25', avail='Max Enroll: 25', wait_list='Max Enroll: 25')",A lecture section must be selected with lab. ,
5,ANTH,"ClassNumber(num='ANTH-225 B', link='https://weblprod1.wheatonma.edu/PROD/bzcrschd.P_ViewCourseDescription?term_in=201520&subj_code_in=ANTH&crse_numb_in=225&crn_in=10302&seq_numb_in=B')","ClassExam(letter='N.', link='https://weblprod1.wheatonma.edu/PROD/bzcrschd.P_DispExamInfo?exam_code=N.&course=ANTH-225 B&term_code=201520&term_desc=Spring 2015&crn=10302')",Peoples and Cultures of Africa,10302,['T R 11:00 AM - 12:20 PM'],['Knapton Hall LEC'],"[ClassInstructor(name='Kerner, Donna O.', link='https://wheatoncollege.edu/academics/faculty-directory/Donna-o-Kerner/')]",BW,DVSS,ARSS,"[ClassConx(num='2301', link='https://weblprod1.wheatonma.edu/PROD/bzcrschd.P_ViewCourseDescription?term_in=201520&subj_code_in=CONX&crse_numb_in=23001&crn_in=&seq_numb_in=')]",https://www.bkstr.com/webapp/wcs/stores/servlet/booklookServlet?bookstore_id-1=525&term_id-1=Spring+2015&div-1=&dept-1=ANTH&course-1=225&section-1=B,"SeatInfo(max='Max Enroll: 36', taken='Max Enroll: 36', avail='Max Enroll: 36', wait_list='Max Enroll: 36')",Limited to 36. ,Tuesday Thursday 11:00  - 12:20 
6,ANTH,"ClassNumber(num='ANTH-226 B', link='https://weblprod1.wheatonma.edu/PROD/bzcrschd.P_ViewCourseDescription?term_in=201520&subj_code_in=ANTH&crse_numb_in=226&crn_in=10309&seq_numb_in=B')","ClassExam(letter='R.', link='https://weblprod1.wheatonma.edu/PROD/bzcrschd.P_DispExamInfo?exam_code=R.&course=ANTH-226 B&term_code=201520&term_desc=Spring 2015&crn=10309')",The Anthropology of Art,10309,['T R 12:30 PM - 1:50 PM'],['Knapton Hall 214'],"[ClassInstructor(name='Owens, Bruce M.', link='https://wheatoncollege.edu/academics/faculty-directory/Bruce-Owens/')]",BW,DVSS,ARSS,[],https://www.bkstr.com/webapp/wcs/stores/servlet/booklookServlet?bookstore_id-1=525&term_id-1=Spring+2015&div-1=&dept-1=ANTH&course-1=226&section-1=B,"SeatInfo(max='Max Enroll: 25', taken='Max Enroll: 25', avail='Max Enroll: 25', wait_list='Max Enroll: 25')",Limited to 25.  No first year students admitted. ,Tuesday Thursday 12:30  - 1:50 
7,ANTH,"ClassNumber(num='ANTH-260 B', link='https://weblprod1.wheatonma.edu/PROD/bzcrschd.P_ViewCourseDescription?term_in=201520&subj_code_in=ANTH&crse_numb_in=260&crn_in=10303&seq_numb_in=B')","ClassExam(letter='O.', link='https://weblprod1.wheatonma.edu/PROD/bzcrschd.P_DispExamInfo?exam_code=O.&course=ANTH-260 B&term_code=201520&term_desc=Spring 2015&crn=10303')",Women and Development,10303,['T R 2:00 PM - 3:20 PM'],['Knapton Hall 114'],"[ClassInstructor(name='Kerner, Donna O.', link='https://wheatoncollege.edu/academics/faculty-directory/Donna-o-Kerner/')]",BW,DVSS,ARSS,[],https://www.bkstr.com/webapp/wcs/stores/servlet/booklookServlet?bookstore_id-1=525&term_id-1=Spring+2015&div-1=&dept-1=ANTH&course-1=260&section-1=B,"SeatInfo(max='Max Enroll: 25', taken='Max Enroll: 25', avail='Max Enroll: 25', wait_list='Max Enroll: 25')",Cross-listed with WGS 262.  Limited to 25. ,Tuesday Thursday 2:00  - 3:20 
8,ANTH,"ClassNumber(num='ANTH-298 B01', link='https://weblprod1.wheatonma.edu/PROD/bzcrschd.P_ViewCourseDescription?term_in=201520&subj_code_in=ANTH&crse_numb_in=298&crn_in=10306&seq_numb_in=B01')","ClassExam(letter='P.', link='https://weblprod1.wheatonma.edu/PROD/bzcrschd.P_DispExamInfo?exam_code=P.&course=ANTH-298 B01&term_code=201520&term_desc=Spring 2015&crn=10306')",Archaeology-Bronze Age Greece,10306,['T R 3:30 PM - 4:50 PM'],['Science Center B234'],"[ClassInstructor(name='Trayford, Jeffrey A.', link='https://wheatoncollege.edu/academics/faculty-directory/Jeffrey-Trayford/')]",,,,[],https://www.bkstr.com/webapp/wcs/stores/servlet/booklookServlet?bookstore_id-1=525&term_id-1=Spring+2015&div-1=&dept-1=ANTH&course-1=298&section-1=B01,"SeatInfo(max='Max Enroll: 0', taken='Max Enroll: 0', avail='Max Enroll: 0', wait_list='Max Enroll: 0')","Register under CLAS 298 B01. Prerequisite for three-week, faculty-led summer course in Greece: Of Minoans and Mycenaeans. Limited to 36. ",Tuesday Thursday 3:30  - 4:50 
9,ANTH,"ClassNumber(num='ANTH-301 B', link='https://weblprod1.wheatonma.edu/PROD/bzcrschd.P_ViewCourseDescription?term_in=201520&subj_code_in=ANTH&crse_numb_in=301&crn_in=10307&seq_numb_in=B')","ClassExam(letter='R.', link='https://weblprod1.wheatonma.edu/PROD/bzcrschd.P_DispExamInfo?exam_code=R.&course=ANTH-301 B&term_code=201520&term_desc=Spring 2015&crn=10307')",Sem: Anthropological Theory,10307,['T R 9:30 AM - 10:50 AM'],['Knapton Hall 218'],"[ClassInstructor(name='Owens, Bruce M.', link='https://wheatoncollege.edu/academics/faculty-directory/Bruce-Owens/')]",,DVSS,ARSS,[],https://www.bkstr.com/webapp/wcs/stores/servlet/booklookServlet?bookstore_id-1=525&term_id-1=Spring+2015&div-1=&dept-1=ANTH&course-1=301&section-1=B,"SeatInfo(max='Max Enroll: 999', taken='Max Enroll: 999', avail='Max Enroll: 999', wait_list='Max Enroll: 999')","Open to Sophomore, Junior and Senior Anthropology Majors or Permission of Instructor. ",Tuesday Thursday 9:30  - 10:50 
10,ANTH,"ClassNumber(num='ANTH-333 B', link='https://weblprod1.wheatonma.edu/PROD/bzcrschd.P_ViewCourseDescription?term_in=201520&subj_code_in=ANTH&crse_numb_in=333&crn_in=10308&seq_numb_in=B')","ClassExam(letter='R.', link='https://weblprod1.wheatonma.edu/PROD/bzcrschd.P_DispExamInfo?exam_code=R.&course=ANTH-333 B&term_code=201520&term_desc=Spring 2015&crn=10308')",Economic Anthropology,10308,['M W F 11:30 AM - 12:20 PM'],['Meneely Hall 207'],"[ClassInstructor(name='Torres, M. Gabriela', link='https://wheatoncollege.edu/academics/faculty-directory/M. Gabriela-Torres/')]",BW,DVSS,ARSS,[],https://www.bkstr.com/webapp/wcs/stores/servlet/booklookServlet?bookstore_id-1=525&term_id-1=Spring+2015&div-1=&dept-1=ANTH&course-1=333&section-1=B,"SeatInfo(max='Max Enroll: 36', taken='Max Enroll: 36', avail='Max Enroll: 36', wait_list='Max Enroll: 36')","Prerequisite: ANTH 102.  Open to Sophomores, Juniors and Seniors or Permission of Instructor. Limited to 36. ",Monday Wednesday Friday 11:30  - 12:20 
11,ARBC,"ClassNumber(num='ARBC-102 B', link='https://weblprod1.wheatonma.edu/PROD/bzcrschd.P_ViewCourseDescription?term_in=201520&subj_code_in=ARBC&crse_numb_in=102&crn_in=10383&seq_numb_in=B')","ClassExam(letter='B.', link='https://weblprod1.wheatonma.edu/PROD/bzcrschd.P_DispExamInfo?exam_code=B.&course=ARBC-102 B&term_code=201520&term_desc=Spring 2015&crn=10383')",Elementary Arabic II,10383,['M W F 9:30 AM - 10:20 AM'],['Knapton Hall 114'],"[ClassInstructor(name='Rowan, Mona', link='https://wheatoncollege.edu/academics/faculty-directory/Mona-Rowan/')]",FL,,,[],https://www.bkstr.com/webapp/wcs/stores/servlet/booklookServlet?bookstore_id-1=525&term_id-1=Spring+2015&div-1=&dept-1=ARBC&course-1=102&section-1=B,"SeatInfo(max='Max Enroll: 20', taken='Max Enroll: 20', avail='Max Enroll: 20', wait_list='Max Enroll: 20')",Limited to 20. ,Monday Wednesday Friday 9:30  - 10:20 
12,ARBC,"ClassNumber(num='ARBC-202 B', link='https://weblprod1.wheatonma.edu/PROD/bzcrschd.P_ViewCourseDescription?term_in=201520&subj_code_in=ARBC&crse_numb_in=202&crn_in=10384&seq_numb_in=B')","ClassExam(letter='C.', link='https://weblprod1.wheatonma.edu/PROD/bzcrschd.P_DispExamInfo?exam_code=C.&course=ARBC-202 B&term_code=201520&term_desc=Spring 2015&crn=10384')",Intermediate Arabic II,10384,['M W F 10:30 AM - 11:20 AM'],['Knapton Hall 114'],"[ClassInstructor(name='Rowan, Mona', link='https://wheatoncollege.edu/academics/faculty-directory/Mona-Rowan/')]",FL,,,[],https://www.bkstr.com/webapp/wcs/stores/servlet/booklookServlet?bookstore_id-1=525&term_id-1=Spring+2015&div-1=&dept-1=ARBC&course-1=202&section-1=B,"SeatInfo(max='Max Enroll: 20', taken='Max Enroll: 20', avail='Max Enroll: 20', wait_list='Max Enroll: 20')",Limited to 20. ,Monday Wednesday Friday 10:30  - 11:20 
13,ARBC,"ClassNumber(num='ARBC-399 B01', link='https://weblprod1.wheatonma.edu/PROD/bzcrschd.P_ViewCourseDescription?term_in=201520&subj_code_in=ARBC&crse_numb_in=399&crn_in=10581&seq_numb_in=B01')","ClassExam(letter='D.', link='https://weblprod1.wheatonma.edu/PROD/bzcrschd.P_DispExamInfo?exam_code=D.&course=ARBC-399 B01&term_code=201520&term_desc=Spring 2015&crn=10581')",Independent Study,10581,['M W F 11:30 AM - 12:20 PM'],['Meneely Hall 303'],"[ClassInstructor(name='Rowan, Mona', link='https://wheatoncollege.edu/academics/faculty-directory/Mona-Rowan/')]",,,,[],https://www.bkstr.com/webapp/wcs/stores/servlet/booklookServlet?bookstore_id-1=525&term_id-1=Spring+2015&div-1=&dept-1=ARBC&course-1=399&section-1=B01,"SeatInfo(max='Max Enroll: 5', taken='Max Enroll: 5', avail='Max Enroll: 5', wait_list='Max Enroll: 5')",Permission of instructor. ,Monday Wednesday Friday 11:30  - 12:20 
14,ARTH,"ClassNumber(num='ARTH-112 B', link='https://weblprod1.wheatonma.edu/PROD/bzcrschd.P_ViewCourseDescription?term_in=201520&subj_code_in=ARTH&crse_numb_in=112&crn_in=10252&seq_numb_in=B')","ClassExam(letter='R.', link='https://weblprod1.wheatonma.edu/PROD/bzcrschd.P_DispExamInfo?exam_code=R.&course=ARTH-112 B&term_code=201520&term_desc=Spring 2015&crn=10252')","Africa, Middle East, Americas",10252,['M W F 11:30 AM - 12:20 PM'],['Watson Fine Arts Center 102'],"[ClassInstructor(name='Niederstadt, Leah N.', link='https://wheatoncollege.edu/academics/faculty-directory/Leah-Niederstadt/')]",BW,DVAH,ARHM,[],https://www.bkstr.com/webapp/wcs/stores/servlet/booklookServlet?bookstore_id-1=525&term_id-1=Spring+2015&div-1=&dept-1=ARTH&course-1=112&section-1=B,"SeatInfo(max='Max Enroll: 999', taken='Max Enroll: 999', avail='Max Enroll: 999', wait_list='Max Enroll: 999')",,Monday Wednesday Friday 11:30  - 12:20 
15,ARTH,"ClassNumber(num='ARTH-240 B', link='https://weblprod1.wheatonma.edu/PROD/bzcrschd.P_ViewCourseDescription?term_in=201520&subj_code_in=ARTH&crse_numb_in=240&crn_in=10392&seq_numb_in=B')","ClassExam(letter='K.', link='https://weblprod1.wheatonma.edu/PROD/bzcrschd.P_DispExamInfo?exam_code=K.&course=ARTH-240 B&term_code=201520&term_desc=Spring 2015&crn=10392')",Arts of the Avant-Gardes,10392,['M W 2:00 PM - 3:20 PM'],['Watson Fine Arts Center 102'],"[ClassInstructor(name='McBreen, Ellen M.', link='https://wheatoncollege.edu/academics/faculty-directory/Ellen-McBreen/')]",,DVAH,ARHM,[],https://www.bkstr.com/webapp/wcs/stores/servlet/booklookServlet?bookstore_id-1=525&term_id-1=Spring+2015&div-1=&dept-1=ARTH&course-1=240&section-1=B,"SeatInfo(max='Max Enroll: 999', taken='Max Enroll: 999', avail='Max Enroll: 999', wait_list='Max Enroll: 999')",Cross-listed with FNMS 240. ,Monday Wednesday 2:00  - 3:20 
16,ARTH,"ClassNumber(num='ARTH-243 B', link='https://weblprod1.wheatonma.edu/PROD/bzcrschd.P_ViewCourseDescription?term_in=201520&subj_code_in=ARTH&crse_numb_in=243&crn_in=10249&seq_numb_in=B')","ClassExam(letter='I.', link='https://weblprod1.wheatonma.edu/PROD/bzcrschd.P_DispExamInfo?exam_code=I.&course=ARTH-243 B&term_code=201520&term_desc=Spring 2015&crn=10249')",Early Modern Spaces,10249,['T R 12:30 PM - 1:50 PM'],['Watson Fine Arts Center 122'],"[ClassInstructor(name='Ghadessi, Touba', link='https://wheatoncollege.edu/academics/faculty-directory/Touba-Ghadessi/')]",,DVAH,ARHM,"[ClassConx(num='2083', link='https://weblprod1.wheatonma.edu/PROD/bzcrschd.P_ViewCourseDescription?term_in=201520&subj_code_in=CONX&crse_numb_in=20083&crn_in=&seq_numb_in=')]",https://www.bkstr.com/webapp/wcs/stores/servlet/booklookServlet?bookstore_id-1=525&term_id-1=Spring+2015&div-1=&dept-1=ARTH&course-1=243&section-1=B,"SeatInfo(max='Max Enroll: 999', taken='Max Enroll: 999', avail='Max Enroll: 999', wait_list='Max Enroll: 999')",,Tuesday Thursday 12:30  - 1:50 
17,ARTH,"ClassNumber(num='ARTH-253 B', link='https://weblprod1.wheatonma.edu/PROD/bzcrschd.P_ViewCourseDescription?term_in=201520&subj_code_in=ARTH&crse_numb_in=253&crn_in=10253&seq_numb_in=B')","ClassExam(letter='O.', link='https://weblprod1.wheatonma.edu/PROD/bzcrschd.P_DispExamInfo?exam_code=O.&course=ARTH-253 B&term_code=201520&term_desc=Spring 2015&crn=10253')",Castles and Cathedrals,10253,['T R 2:00 PM - 3:20 PM'],['Watson Fine Arts Center 102'],"[ClassInstructor(name='Staudinger, Evelyn R.', link='https://wheatoncollege.edu/academics/faculty-directory/evelyn-ruth-staudinger/')]",,DVAH,,"[ClassConx(num='2029', link='https://weblprod1.wheatonma.edu/PROD/bzcrschd.P_ViewCourseDescription?term_in=201520&subj_code_in=CONX&crse_numb_in=20029&crn_in=&seq_numb_in='), ClassConx(num='2086', link='https://weblprod1.wheatonma.edu/PROD/bzcrschd.P_ViewCourseDescription?term_in=201520&subj_code_in=CONX&crse_numb_in=20086&crn_in=&seq_numb_in=')]",https://www.bkstr.com/webapp/wcs/stores/servlet/booklookServlet?bookstore_id-1=525&term_id-1=Spring+2015&div-1=&dept-1=ARTH&course-1=253&section-1=B,"SeatInfo(max='Max Enroll: 25', taken='Max Enroll: 25', avail='Max Enroll: 25', wait_list='Max Enroll: 25')",Limited to 25. ,Tuesday Thursday 2:00  - 3:20 
18,ARTH,"ClassNumber(num='ARTH-274 B', link='https://weblprod1.wheatonma.edu/PROD/bzcrschd.P_ViewCourseDescription?term_in=201520&subj_code_in=ARTH&crse_numb_in=274&crn_in=10254&seq_numb_in=B')","ClassExam(letter='M.', link='https://weblprod1.wheatonma.edu/PROD/bzcrschd.P_DispExamInfo?exam_code=M.&course=ARTH-274 B&term_code=201520&term_desc=Spring 2015&crn=10254')",Visualizing Ancient Rome,10254,['T R 9:30 AM - 10:50 AM'],['Watson Fine Arts Center 102'],"[ClassInstructor(name='Staudinger, Evelyn R.', link='https://wheatoncollege.edu/academics/faculty-directory/evelyn-ruth-staudinger/')]",,DVAH,,"[ClassConx(num='2075', link='https://weblprod1.wheatonma.edu/PROD/bzcrschd.P_ViewCourseDescription?term_in=201520&subj_code_in=CONX&crse_numb_in=20075&crn_in=&seq_numb_in=')]",https://www.bkstr.com/webapp/wcs/stores/servlet/booklookServlet?bookstore_id-1=525&term_id-1=Spring+2015&div-1=&dept-1=ARTH&course-1=274&section-1=B,"SeatInfo(max='Max Enroll: 999', taken='Max Enroll: 999', avail='Max Enroll: 999', wait_list='Max Enroll: 999')",,Tuesday Thursday 9:30  - 10:50 
19,ARTH,"ClassNumber(num='ARTH-298 B01', link='https://weblprod1.wheatonma.edu/PROD/bzcrschd.P_ViewCourseDescription?term_in=201520&subj_code_in=ARTH&crse_numb_in=298&crn_in=10500&seq_numb_in=B01')","ClassExam(letter='S.', link='https://weblprod1.wheatonma.edu/PROD/bzcrschd.P_DispExamInfo?exam_code=S.&course=ARTH-298 B01&term_code=201520&term_desc=Spring 2015&crn=10500')",Contemporary Filmmaking,10500,['T R 2:00 PM - 3:20 PM'],['Watson Fine Arts Center 122'],"[ClassInstructor(name='Damluji, Mona', link='https://wheatoncollege.edu/academics/faculty-directory/Mona-Damluji/')]",,,,[],https://www.bkstr.com/webapp/wcs/stores/servlet/booklookServlet?bookstore_id-1=525&term_id-1=Spring+2015&div-1=&dept-1=ARTH&course-1=298&section-1=B01,"SeatInfo(max='Max Enroll: 999', taken='Max Enroll: 999', avail='Max Enroll: 999', wait_list='Max Enroll: 999')",Cross-listed with FNMS 298-B01 and WGS 298-B01. ,Tuesday Thursday 2:00  - 3:20 
20,ARTH,"ClassNumber(num='ARTH-360 B', link='https://weblprod1.wheatonma.edu/PROD/bzcrschd.P_ViewCourseDescription?term_in=201520&subj_code_in=ARTH&crse_numb_in=360&crn_in=10248&seq_numb_in=B')","ClassExam(letter='L.', link='https://weblprod1.wheatonma.edu/PROD/bzcrschd.P_DispExamInfo?exam_code=L.&course=ARTH-360 B&term_code=201520&term_desc=Spring 2015&crn=10248')",Amer Art & Arch: 1865-1945,10248,['M W 3:30 PM - 4:50 PM'],['Watson Fine Arts Center 122'],"[ClassInstructor(name='Evans, R. Tripp', link='https://wheatoncollege.edu/academics/faculty-directory/R. Tripp-Evans/')]",,,,[],https://www.bkstr.com/webapp/wcs/stores/servlet/booklookServlet?bookstore_id-1=525&term_id-1=Spring+2015&div-1=&dept-1=ARTH&course-1=360&section-1=B,"SeatInfo(max='Max Enroll: 20', taken='Max Enroll: 20', avail='Max Enroll: 20', wait_list='Max Enroll: 20')",Limited to 20. ,Monday Wednesday 3:30  - 4:50 
21,ARTH,"ClassNumber(num='ARTH-398 B01', link='https://weblprod1.wheatonma.edu/PROD/bzcrschd.P_ViewCourseDescription?term_in=201520&subj_code_in=ARTH&crse_numb_in=398&crn_in=10521&seq_numb_in=B01')","ClassExam(letter='S.', link='https://weblprod1.wheatonma.edu/PROD/bzcrschd.P_DispExamInfo?exam_code=S.&course=ARTH-398 B01&term_code=201520&term_desc=Spring 2015&crn=10521')",Cinema and the City,10521,['T R 11:00 AM - 12:20 PM'],['Watson Fine Arts Center 122'],"[ClassInstructor(name='Damluji, Mona', link='https://wheatoncollege.edu/academics/faculty-directory/Mona-Damluji/')]",,,,[],https://www.bkstr.com/webapp/wcs/stores/servlet/booklookServlet?bookstore_id-1=525&term_id-1=Spring+2015&div-1=&dept-1=ARTH&course-1=398&section-1=B01,"SeatInfo(max='Max Enroll: 999', taken='Max Enroll: 999', avail='Max Enroll: 999', wait_list='Max Enroll: 999')",Cross-listed with ENG 357 and FNMS 398-B01. ,Tuesday Thursday 11:00  - 12:20 
22,ARTH,"ClassNumber(num='ARTH-399 B01', link='https://weblprod1.wheatonma.edu/PROD/bzcrschd.P_ViewCourseDescription?term_in=201520&subj_code_in=ARTH&crse_numb_in=399&crn_in=10742&seq_numb_in=B01')","ClassExam(letter='J.', link='https://weblprod1.wheatonma.edu/PROD/bzcrschd.P_DispExamInfo?exam_code=J.&course=ARTH-399 B01&term_code=201520&term_desc=Spring 2015&crn=10742')",Ind Stdy: Castles & Cathedrals,10742,['TBA'],['Location info TBA'],"[ClassInstructor(name='Staudinger, Evelyn R.', link='https://wheatoncollege.edu/academics/faculty-directory/evelyn-ruth-staudinger/')]",,,,[],https://www.bkstr.com/webapp/wcs/stores/servlet/booklookServlet?bookstore_id-1=525&term_id-1=Spring+2015&div-1=&dept-1=ARTH&course-1=399&section-1=B01,"SeatInfo(max='Max Enroll: 1', taken='Max Enroll: 1', avail='Max Enroll: 1', wait_list='Max Enroll: 1')",Intended for advanced students.  Permission of Instructor. ,
23,ARTH,"ClassNumber(num='ARTH-401 B', link='https://weblprod1.wheatonma.edu/PROD/bzcrschd.P_ViewCourseDescription?term_in=201520&subj_code_in=ARTH&crse_numb_in=401&crn_in=10250&seq_numb_in=B')","ClassExam(letter='S.', link='https://weblprod1.wheatonma.edu/PROD/bzcrschd.P_DispExamInfo?exam_code=S.&course=ARTH-401 B&term_code=201520&term_desc=Spring 2015&crn=10250')",Seminar,10250,['T 6:00 PM - 8:50 PM'],['Watson Fine Arts Center 206'],"[ClassInstructor(name='McBreen, Ellen M.', link='https://wheatoncollege.edu/academics/faculty-directory/Ellen-McBreen/')]",,,,[],https://www.bkstr.com/webapp/wcs/stores/servlet/booklookServlet?bookstore_id-1=525&term_id-1=Spring+2015&div-1=&dept-1=ARTH&course-1=401&section-1=B,"SeatInfo(max='Max Enroll: 999', taken='Max Enroll: 999', avail='Max Enroll: 999', wait_list='Max Enroll: 999')",Open to Senior Art History Majors and other qualified students by Permission of Instructor. ,Tuesday 6:00  - 8:50 
24,ARTH,"ClassNumber(num='ARTH-500 D01', link='https://weblprod1.wheatonma.edu/PROD/bzcrschd.P_ViewCourseDescription?term_in=201520&subj_code_in=ARTH&crse_numb_in=500&crn_in=10635&seq_numb_in=D01')","ClassExam(letter='J.', link='https://weblprod1.wheatonma.edu/PROD/bzcrschd.P_DispExamInfo?exam_code=J.&course=ARTH-500 D01&term_code=201520&term_desc=Spring 2015&crn=10635')",Individual Research,10635,['TBA'],['Location info TBA'],"[ClassInstructor(name='McBreen, Ellen M.', link='https://wheatoncollege.edu/academics/faculty-directory/Ellen-McBreen/')]",,,,[],https://www.bkstr.com/webapp/wcs/stores/servlet/booklookServlet?bookstore_id-1=525&term_id-1=Spring+2015&div-1=&dept-1=ARTH&course-1=500&section-1=D01,"SeatInfo(max='Max Enroll: 1', taken='Max Enroll: 1', avail='Max Enroll: 1', wait_list='Max Enroll: 1')",Offered to selected majors at the invitation of the department. ,
25,ARTS,"ClassNumber(num='ARTS-099 B01', link='https://weblprod1.wheatonma.edu/PROD/bzcrschd.P_ViewCourseDescription?term_in=201520&subj_code_in=ARTS&crse_numb_in=099&crn_in=10648&seq_numb_in=B01')","ClassExam(letter='J.', link='https://weblprod1.wheatonma.edu/PROD/bzcrschd.P_DispExamInfo?exam_code=J.&course=ARTS-099 B01&term_code=201520&term_desc=Spring 2015&crn=10648')",Ind Stdy: Wheaton Makes,10648,['TBA'],['Location info TBA'],"[ClassInstructor(name='Goff, Kelly', link='https://wheatoncollege.edu/academics/faculty-directory/Kelly-Goff/')]",,,,[],https://www.bkstr.com/webapp/wcs/stores/servlet/booklookServlet?bookstore_id-1=525&term_id-1=Spring+2015&div-1=&dept-1=ARTS&course-1=099&section-1=B01,"SeatInfo(max='Max Enroll: 1', taken='Max Enroll: 1', avail='Max Enroll: 1', wait_list='Max Enroll: 1')",(.50 Credit) Permission of Instructor. ,
26,ARTS,"ClassNumber(num='ARTS-111 B', link='https://weblprod1.wheatonma.edu/PROD/bzcrschd.P_ViewCourseDescription?term_in=201520&subj_code_in=ARTS&crse_numb_in=111&crn_in=10177&seq_numb_in=B')","ClassExam(letter='S.', link='https://weblprod1.wheatonma.edu/PROD/bzcrschd.P_DispExamInfo?exam_code=S.&course=ARTS-111 B&term_code=201520&term_desc=Spring 2015&crn=10177')",Two-Dimensional Design,10177,['T R 1:00 PM - 2:50 PM'],['Mars Arts & Humanities A222'],"[ClassInstructor(name='McCarthy, Sally J.', link='https://wheatoncollege.edu/academics/faculty-directory/Sally-McCarthy/')]",,DVAH,ARCA,"[ClassConx(num='2011', link='https://weblprod1.wheatonma.edu/PROD/bzcrschd.P_ViewCourseDescription?term_in=201520&subj_code_in=CONX&crse_numb_in=20011&crn_in=&seq_numb_in='), ClassConx(num='2047', link='https://weblprod1.wheatonma.edu/PROD/bzcrschd.P_ViewCourseDescription?term_in=201520&subj_code_in=CONX&crse_numb_in=20047&crn_in=&seq_numb_in='), ClassConx(num='2073', link='https://weblprod1.wheatonma.edu/PROD/bzcrschd.P_ViewCourseDescription?term_in=201520&subj_code_in=CONX&crse_numb_in=20073&crn_in=&seq_numb_in=')]",https://www.bkstr.com/webapp/wcs/stores/servlet/booklookServlet?bookstore_id-1=525&term_id-1=Spring+2015&div-1=&dept-1=ARTS&course-1=111&section-1=B,"SeatInfo(max='Max Enroll: 20', taken='Max Enroll: 20', avail='Max Enroll: 20', wait_list='Max Enroll: 20')",Register for ARTS 001.  Attendance required first day of class.  No previous experience required. Permission of Instructor.  Limited to 20. ,Tuesday Thursday 1:00  - 2:50 
27,ARTS,"ClassNumber(num='ARTS-116 B', link='https://weblprod1.wheatonma.edu/PROD/bzcrschd.P_ViewCourseDescription?term_in=201520&subj_code_in=ARTS&crse_numb_in=116&crn_in=10175&seq_numb_in=B')","ClassExam(letter='S.', link='https://weblprod1.wheatonma.edu/PROD/bzcrschd.P_DispExamInfo?exam_code=S.&course=ARTS-116 B&term_code=201520&term_desc=Spring 2015&crn=10175')",Drawing I,10175,['T R 2:00 PM - 3:50 PM'],['Mars Arts & Humanities A225'],"[ClassInstructor(name='Goff, Kelly', link='https://wheatoncollege.edu/academics/faculty-directory/Kelly-Goff/')]",,DVAH,ARCA,"[ClassConx(num='2047', link='https://weblprod1.wheatonma.edu/PROD/bzcrschd.P_ViewCourseDescription?term_in=201520&subj_code_in=CONX&crse_numb_in=20047&crn_in=&seq_numb_in=')]",https://www.bkstr.com/webapp/wcs/stores/servlet/booklookServlet?bookstore_id-1=525&term_id-1=Spring+2015&div-1=&dept-1=ARTS&course-1=116&section-1=B,"SeatInfo(max='Max Enroll: 20', taken='Max Enroll: 20', avail='Max Enroll: 20', wait_list='Max Enroll: 20')",Register for ARTS 003.  Attendance required first day of class.  No previous experience required.  Permission of Instructor.  Limited to 20. ,Tuesday Thursday 2:00  - 3:50 
28,ARTS,"ClassNumber(num='ARTS-205 B', link='https://weblprod1.wheatonma.edu/PROD/bzcrschd.P_ViewCourseDescription?term_in=201520&subj_code_in=ARTS&crse_numb_in=205&crn_in=10160&seq_numb_in=B')","ClassExam(letter='S.', link='https://weblprod1.wheatonma.edu/PROD/bzcrschd.P_DispExamInfo?exam_code=S.&course=ARTS-205 B&term_code=201520&term_desc=Spring 2015&crn=10160')",Drawing II,10160,['M W 12:30 PM - 2:20 PM'],['Mars Arts & Humanities A225'],"[ClassInstructor(name='Howard, Andrew K.', link='https://wheatoncollege.edu/academics/faculty-directory/Andrew-Howard/')]",,DVAH,ARCA,[],https://www.bkstr.com/webapp/wcs/stores/servlet/booklookServlet?bookstore_id-1=525&term_id-1=Spring+2015&div-1=&dept-1=ARTS&course-1=205&section-1=B,"SeatInfo(max='Max Enroll: 18', taken='Max Enroll: 18', avail='Max Enroll: 18', wait_list='Max Enroll: 18')",Register for ARTS 013.  Attendance required first day of class.  Prerequisite: ARTS 116.  Permission of Instructor. Limited to 18. ,Monday Wednesday 12:30  - 2:20 
29,ARTS,"ClassNumber(num='ARTS-220 B', link='https://weblprod1.wheatonma.edu/PROD/bzcrschd.P_ViewCourseDescription?term_in=201520&subj_code_in=ARTS&crse_numb_in=220&crn_in=10164&seq_numb_in=B')","ClassExam(letter='S.', link='https://weblprod1.wheatonma.edu/PROD/bzcrschd.P_DispExamInfo?exam_code=S.&course=ARTS-220 B&term_code=201520&term_desc=Spring 2015&crn=10164')",Painting I,10164,['M W 10:30 AM - 12:20 PM'],['Mars Arts & Humanities A227'],"[ClassInstructor(name='Stone, Patricia', link='https://wheatoncollege.edu/academics/faculty-directory/Patricia-Stone/')]",,DVAH,ARCA,[],https://www.bkstr.com/webapp/wcs/stores/servlet/booklookServlet?bookstore_id-1=525&term_id-1=Spring+2015&div-1=&dept-1=ARTS&course-1=220&section-1=B,"SeatInfo(max='Max Enroll: 15', taken='Max Enroll: 15', avail='Max Enroll: 15', wait_list='Max Enroll: 15')",Register for ARTS 011.  Attendance required first day of class. Prerequisite: ARTS 111 or 116.  Permission of Instructor.  Limited to 15. ,Monday Wednesday 10:30  - 12:20 
30,ARTS,"ClassNumber(num='ARTS-240 B', link='https://weblprod1.wheatonma.edu/PROD/bzcrschd.P_ViewCourseDescription?term_in=201520&subj_code_in=ARTS&crse_numb_in=240&crn_in=10158&seq_numb_in=B')","ClassExam(letter='S.', link='https://weblprod1.wheatonma.edu/PROD/bzcrschd.P_DispExamInfo?exam_code=S.&course=ARTS-240 B&term_code=201520&term_desc=Spring 2015&crn=10158')",Beginning Photography,10158,['M W 8:30 AM - 10:20 AM'],['Mars Arts & Humanities A222'],"[ClassInstructor(name='Howard, Andrew K.', link='https://wheatoncollege.edu/academics/faculty-directory/Andrew-Howard/')]",,DVAH,ARCA,[],https://www.bkstr.com/webapp/wcs/stores/servlet/booklookServlet?bookstore_id-1=525&term_id-1=Spring+2015&div-1=&dept-1=ARTS&course-1=240&section-1=B,"SeatInfo(max='Max Enroll: 15', taken='Max Enroll: 15', avail='Max Enroll: 15', wait_list='Max Enroll: 15')",Register for ARTS 005.  Attendance required first day of class. Permission of Instructor.  Limited to 15. ,Monday Wednesday 8:30  - 10:20 
31,ARTS,"ClassNumber(num='ARTS-260 B', link='https://weblprod1.wheatonma.edu/PROD/bzcrschd.P_ViewCourseDescription?term_in=201520&subj_code_in=ARTS&crse_numb_in=260&crn_in=10166&seq_numb_in=B')","ClassExam(letter='S.', link='https://weblprod1.wheatonma.edu/PROD/bzcrschd.P_DispExamInfo?exam_code=S.&course=ARTS-260 B&term_code=201520&term_desc=Spring 2015&crn=10166')",Production I,10166,['M W 10:30 AM - 12:20 PM'],['Mars Arts & Humanities A118'],"[ClassInstructor(name='Johnson, Patrick H.', link='https://wheatoncollege.edu/academics/faculty-directory/Patrick-Johnson/')]",,DVAH,ARCA,"[ClassConx(num='2093', link='https://weblprod1.wheatonma.edu/PROD/bzcrschd.P_ViewCourseDescription?term_in=201520&subj_code_in=CONX&crse_numb_in=20093&crn_in=&seq_numb_in=')]",https://www.bkstr.com/webapp/wcs/stores/servlet/booklookServlet?bookstore_id-1=525&term_id-1=Spring+2015&div-1=&dept-1=ARTS&course-1=260&section-1=B,"SeatInfo(max='Max Enroll: 12', taken='Max Enroll: 12', avail='Max Enroll: 12', wait_list='Max Enroll: 12')",Register for ARTS 018. Attendance required first day of class. Permission of Instructor.  Approx $50 Lab fee with course.  Limited to 12. Cross-listed with FNMS 260. ,Monday Wednesday 10:30  - 12:20 
32,ARTS,"ClassNumber(num='ARTS-298 B01', link='https://weblprod1.wheatonma.edu/PROD/bzcrschd.P_ViewCourseDescription?term_in=201520&subj_code_in=ARTS&crse_numb_in=298&crn_in=10168&seq_numb_in=B01')","ClassExam(letter='S.', link='https://weblprod1.wheatonma.edu/PROD/bzcrschd.P_DispExamInfo?exam_code=S.&course=ARTS-298 B01&term_code=201520&term_desc=Spring 2015&crn=10168')",Digital Editing,10168,['M W 1:00 PM - 2:50 PM'],['Mars Arts & Humanities A118'],"[ClassInstructor(name='Johnson, Patrick H.', link='https://wheatoncollege.edu/academics/faculty-directory/Patrick-Johnson/')]",,DVAH,,[],https://www.bkstr.com/webapp/wcs/stores/servlet/booklookServlet?bookstore_id-1=525&term_id-1=Spring+2015&div-1=&dept-1=ARTS&course-1=298&section-1=B01,"SeatInfo(max='Max Enroll: 15', taken='Max Enroll: 15', avail='Max Enroll: 15', wait_list='Max Enroll: 15')",Register for ARTS 019.  Attendance required first day of class.  Limited to 15. Cross-listed with FNMS 298-B02. ,Monday Wednesday 1:00  - 2:50 
33,ARTS,"ClassNumber(num='ARTS-298 B02', link='https://weblprod1.wheatonma.edu/PROD/bzcrschd.P_ViewCourseDescription?term_in=201520&subj_code_in=ARTS&crse_numb_in=298&crn_in=10170&seq_numb_in=B02')","ClassExam(letter='S.', link='https://weblprod1.wheatonma.edu/PROD/bzcrschd.P_DispExamInfo?exam_code=S.&course=ARTS-298 B02&term_code=201520&term_desc=Spring 2015&crn=10170')",Experimental Filmmaking,10170,['T R 11:00 AM - 12:50 PM'],['Mars Arts & Humanities A118'],"[ClassInstructor(name='Johnson, Patrick H.', link='https://wheatoncollege.edu/academics/faculty-directory/Patrick-Johnson/')]",,DVAH,,[],https://www.bkstr.com/webapp/wcs/stores/servlet/booklookServlet?bookstore_id-1=525&term_id-1=Spring+2015&div-1=&dept-1=ARTS&course-1=298&section-1=B02,"SeatInfo(max='Max Enroll: 15', taken='Max Enroll: 15', avail='Max Enroll: 15', wait_list='Max Enroll: 15')",Register for ARTS 024.  Attendance required first day of class. Limited to 15. Cross-listed with FNMS 298-B03. ,Tuesday Thursday 11:00  - 12:50 
34,ARTS,"ClassNumber(num='ARTS-299 B01', link='https://weblprod1.wheatonma.edu/PROD/bzcrschd.P_ViewCourseDescription?term_in=201520&subj_code_in=ARTS&crse_numb_in=299&crn_in=10608&seq_numb_in=B01')","ClassExam(letter='J.', link='https://weblprod1.wheatonma.edu/PROD/bzcrschd.P_DispExamInfo?exam_code=J.&course=ARTS-299 B01&term_code=201520&term_desc=Spring 2015&crn=10608')",Selected Topics,10608,['TBA'],['Location info TBA'],"[ClassInstructor(name='Johnson, Patrick H.', link='https://wheatoncollege.edu/academics/faculty-directory/Patrick-Johnson/')]",,,,[],https://www.bkstr.com/webapp/wcs/stores/servlet/booklookServlet?bookstore_id-1=525&term_id-1=Spring+2015&div-1=&dept-1=ARTS&course-1=299&section-1=B01,"SeatInfo(max='Max Enroll: 2', taken='Max Enroll: 2', avail='Max Enroll: 2', wait_list='Max Enroll: 2')",Permission of Instructor. ,
35,ARTS,"ClassNumber(num='ARTS-299 B02', link='https://weblprod1.wheatonma.edu/PROD/bzcrschd.P_ViewCourseDescription?term_in=201520&subj_code_in=ARTS&crse_numb_in=299&crn_in=10613&seq_numb_in=B02')","ClassExam(letter='J.', link='https://weblprod1.wheatonma.edu/PROD/bzcrschd.P_DispExamInfo?exam_code=J.&course=ARTS-299 B02&term_code=201520&term_desc=Spring 2015&crn=10613')",Ind Stdy: Ceramic Sculpture,10613,['TBA'],['Location info TBA'],"[ClassInstructor(name='Goff, Kelly', link='https://wheatoncollege.edu/academics/faculty-directory/Kelly-Goff/')]",,,,[],https://www.bkstr.com/webapp/wcs/stores/servlet/booklookServlet?bookstore_id-1=525&term_id-1=Spring+2015&div-1=&dept-1=ARTS&course-1=299&section-1=B02,"SeatInfo(max='Max Enroll: 1', taken='Max Enroll: 1', avail='Max Enroll: 1', wait_list='Max Enroll: 1')",Permission of Instructor. ,
36,ARTS,"ClassNumber(num='ARTS-299 B03', link='https://weblprod1.wheatonma.edu/PROD/bzcrschd.P_ViewCourseDescription?term_in=201520&subj_code_in=ARTS&crse_numb_in=299&crn_in=10634&seq_numb_in=B03')","ClassExam(letter='J.', link='https://weblprod1.wheatonma.edu/PROD/bzcrschd.P_DispExamInfo?exam_code=J.&course=ARTS-299 B03&term_code=201520&term_desc=Spring 2015&crn=10634')",Selected Topics,10634,['TBA'],['Location info TBA'],"[ClassInstructor(name='Howard, Andrew K.', link='https://wheatoncollege.edu/academics/faculty-directory/Andrew-Howard/')]",,,,[],https://www.bkstr.com/webapp/wcs/stores/servlet/booklookServlet?bookstore_id-1=525&term_id-1=Spring+2015&div-1=&dept-1=ARTS&course-1=299&section-1=B03,"SeatInfo(max='Max Enroll: 1', taken='Max Enroll: 1', avail='Max Enroll: 1', wait_list='Max Enroll: 1')",Permission of Instructor. ,
37,ARTS,"ClassNumber(num='ARTS-299 B04', link='https://weblprod1.wheatonma.edu/PROD/bzcrschd.P_ViewCourseDescription?term_in=201520&subj_code_in=ARTS&crse_numb_in=299&crn_in=10655&seq_numb_in=B04')","ClassExam(letter='J.', link='https://weblprod1.wheatonma.edu/PROD/bzcrschd.P_DispExamInfo?exam_code=J.&course=ARTS-299 B04&term_code=201520&term_desc=Spring 2015&crn=10655')",Ind Stdy: CAD + Create,10655,['TBA'],['Location info TBA'],"[ClassInstructor(name='Goff, Kelly', link='https://wheatoncollege.edu/academics/faculty-directory/Kelly-Goff/')]",,,,[],https://www.bkstr.com/webapp/wcs/stores/servlet/booklookServlet?bookstore_id-1=525&term_id-1=Spring+2015&div-1=&dept-1=ARTS&course-1=299&section-1=B04,"SeatInfo(max='Max Enroll: 5', taken='Max Enroll: 5', avail='Max Enroll: 5', wait_list='Max Enroll: 5')",Permission of Instructor. ,
38,ARTS,"ClassNumber(num='ARTS-310 B', link='https://weblprod1.wheatonma.edu/PROD/bzcrschd.P_ViewCourseDescription?term_in=201520&subj_code_in=ARTS&crse_numb_in=310&crn_in=10472&seq_numb_in=B')","ClassExam(letter='S.', link='https://weblprod1.wheatonma.edu/PROD/bzcrschd.P_DispExamInfo?exam_code=S.&course=ARTS-310 B&term_code=201520&term_desc=Spring 2015&crn=10472')",Sculpture II,10472,['T R 11:00 AM - 12:50 PM'],['Mars Arts & Humanities A121'],"[ClassInstructor(name='Goff, Kelly', link='https://wheatoncollege.edu/academics/faculty-directory/Kelly-Goff/')]",,,,[],https://www.bkstr.com/webapp/wcs/stores/servlet/booklookServlet?bookstore_id-1=525&term_id-1=Spring+2015&div-1=&dept-1=ARTS&course-1=310&section-1=B,"SeatInfo(max='Max Enroll: 15', taken='Max Enroll: 15', avail='Max Enroll: 15', wait_list='Max Enroll: 15')",Register for ARTS 006.  Interview required first day of class.  Prerequisite: ARTS 210.  Permission of Instructor. Limited to 15. ,Tuesday Thursday 11:00  - 12:50 
39,ARTS,"ClassNumber(num='ARTS-350 B', link='https://weblprod1.wheatonma.edu/PROD/bzcrschd.P_ViewCourseDescription?term_in=201520&subj_code_in=ARTS&crse_numb_in=350&crn_in=10179&seq_numb_in=B')","ClassExam(letter='S.', link='https://weblprod1.wheatonma.edu/PROD/bzcrschd.P_DispExamInfo?exam_code=S.&course=ARTS-350 B&term_code=201520&term_desc=Spring 2015&crn=10179')",Graphic Design II,10179,['T R 9:00 AM - 10:50 AM'],['Mars Arts & Humanities A222'],"[ClassInstructor(name='McCarthy, Sally J.', link='https://wheatoncollege.edu/academics/faculty-directory/Sally-McCarthy/')]",,,ARCA,"[ClassConx(num='2312', link='https://weblprod1.wheatonma.edu/PROD/bzcrschd.P_ViewCourseDescription?term_in=201520&subj_code_in=CONX&crse_numb_in=23012&crn_in=&seq_numb_in=')]",https://www.bkstr.com/webapp/wcs/stores/servlet/booklookServlet?bookstore_id-1=525&term_id-1=Spring+2015&div-1=&dept-1=ARTS&course-1=350&section-1=B,"SeatInfo(max='Max Enroll: 12', taken='Max Enroll: 12', avail='Max Enroll: 12', wait_list='Max Enroll: 12')",Register for ARTS 008.  Attendance required first day of class.  Prerequisites: ARTS 111 and ARTS 250. Permission of Instructor.  Limited to 12. ,Tuesday Thursday 9:00  - 10:50 
40,ARTS,"ClassNumber(num='ARTS-398 B01', link='https://weblprod1.wheatonma.edu/PROD/bzcrschd.P_ViewCourseDescription?term_in=201520&subj_code_in=ARTS&crse_numb_in=398&crn_in=10494&seq_numb_in=B01')","ClassExam(letter='S.', link='https://weblprod1.wheatonma.edu/PROD/bzcrschd.P_DispExamInfo?exam_code=S.&course=ARTS-398 B01&term_code=201520&term_desc=Spring 2015&crn=10494')",Painting Process,10494,['M W 1:00 PM - 2:50 PM'],['Mars Arts & Humanities A227'],"[ClassInstructor(name='Stone, Patricia', link='https://wheatoncollege.edu/academics/faculty-directory/Patricia-Stone/')]",,,,[],https://www.bkstr.com/webapp/wcs/stores/servlet/booklookServlet?bookstore_id-1=525&term_id-1=Spring+2015&div-1=&dept-1=ARTS&course-1=398&section-1=B01,"SeatInfo(max='Max Enroll: 15', taken='Max Enroll: 15', avail='Max Enroll: 15', wait_list='Max Enroll: 15')",Register for ARTS 016. Prerequisite ARTS 220 or Permission of Instructor. Limited to 15. ,Monday Wednesday 1:00  - 2:50 
41,ARTS,"ClassNumber(num='ARTS-399 B01', link='https://weblprod1.wheatonma.edu/PROD/bzcrschd.P_ViewCourseDescription?term_in=201520&subj_code_in=ARTS&crse_numb_in=399&crn_in=10633&seq_numb_in=B01')","ClassExam(letter='J.', link='https://weblprod1.wheatonma.edu/PROD/bzcrschd.P_DispExamInfo?exam_code=J.&course=ARTS-399 B01&term_code=201520&term_desc=Spring 2015&crn=10633')",Ind Stdy: Wood/Metal Sculpture,10633,['TBA'],['Location info TBA'],"[ClassInstructor(name='Goff, Kelly', link='https://wheatoncollege.edu/academics/faculty-directory/Kelly-Goff/')]",,,,[],https://www.bkstr.com/webapp/wcs/stores/servlet/booklookServlet?bookstore_id-1=525&term_id-1=Spring+2015&div-1=&dept-1=ARTS&course-1=399&section-1=B01,"SeatInfo(max='Max Enroll: 1', taken='Max Enroll: 1', avail='Max Enroll: 1', wait_list='Max Enroll: 1')",Permission of Instructor. ,
42,ARTS,"ClassNumber(num='ARTS-399 B02', link='https://weblprod1.wheatonma.edu/PROD/bzcrschd.P_ViewCourseDescription?term_in=201520&subj_code_in=ARTS&crse_numb_in=399&crn_in=10660&seq_numb_in=B02')","ClassExam(letter='J.', link='https://weblprod1.wheatonma.edu/PROD/bzcrschd.P_DispExamInfo?exam_code=J.&course=ARTS-399 B02&term_code=201520&term_desc=Spring 2015&crn=10660')",Ind Stdy: Photography,10660,['TBA'],['Location info TBA'],"[ClassInstructor(name='Howard, Andrew K.', link='https://wheatoncollege.edu/academics/faculty-directory/Andrew-Howard/')]",,,,[],https://www.bkstr.com/webapp/wcs/stores/servlet/booklookServlet?bookstore_id-1=525&term_id-1=Spring+2015&div-1=&dept-1=ARTS&course-1=399&section-1=B02,"SeatInfo(max='Max Enroll: 1', taken='Max Enroll: 1', avail='Max Enroll: 1', wait_list='Max Enroll: 1')",Permission of Instructor. ,
43,ARTS,"ClassNumber(num='ARTS-399 B03', link='https://weblprod1.wheatonma.edu/PROD/bzcrschd.P_ViewCourseDescription?term_in=201520&subj_code_in=ARTS&crse_numb_in=399&crn_in=10661&seq_numb_in=B03')","ClassExam(letter='J.', link='https://weblprod1.wheatonma.edu/PROD/bzcrschd.P_DispExamInfo?exam_code=J.&course=ARTS-399 B03&term_code=201520&term_desc=Spring 2015&crn=10661')",Ind Stdy: Painting,10661,['TBA'],['Location info TBA'],"[ClassInstructor(name='Stone, Patricia', link='https://wheatoncollege.edu/academics/faculty-directory/Patricia-Stone/')]",,,,[],https://www.bkstr.com/webapp/wcs/stores/servlet/booklookServlet?bookstore_id-1=525&term_id-1=Spring+2015&div-1=&dept-1=ARTS&course-1=399&section-1=B03,"SeatInfo(max='Max Enroll: 1', taken='Max Enroll: 1', avail='Max Enroll: 1', wait_list='Max Enroll: 1')",Permission of Instructor. ,
44,ARTS,"ClassNumber(num='ARTS-399 B04', link='https://weblprod1.wheatonma.edu/PROD/bzcrschd.P_ViewCourseDescription?term_in=201520&subj_code_in=ARTS&crse_numb_in=399&crn_in=10667&seq_numb_in=B04')","ClassExam(letter='J.', link='https://weblprod1.wheatonma.edu/PROD/bzcrschd.P_DispExamInfo?exam_code=J.&course=ARTS-399 B04&term_code=201520&term_desc=Spring 2015&crn=10667')",Selected Topics,10667,['TBA'],['Location info TBA'],"[ClassInstructor(name='Howard, Andrew K.', link='https://wheatoncollege.edu/academics/faculty-directory/Andrew-Howard/')]",,,,[],https://www.bkstr.com/webapp/wcs/stores/servlet/booklookServlet?bookstore_id-1=525&term_id-1=Spring+2015&div-1=&dept-1=ARTS&course-1=399&section-1=B04,"SeatInfo(max='Max Enroll: 1', taken='Max Enroll: 1', avail='Max Enroll: 1', wait_list='Max Enroll: 1')",Permission of Instructor. ,
45,ARTS,"ClassNumber(num='ARTS-402 B', link='https://weblprod1.wheatonma.edu/PROD/bzcrschd.P_ViewCourseDescription?term_in=201520&subj_code_in=ARTS&crse_numb_in=402&crn_in=10172&seq_numb_in=B')","ClassExam(letter='S.', link='https://weblprod1.wheatonma.edu/PROD/bzcrschd.P_DispExamInfo?exam_code=S.&course=ARTS-402 B&term_code=201520&term_desc=Spring 2015&crn=10172')",Senior Projects,10172,['W 3:30 PM - 6:20 PM'],['Mars Arts & Humanities A222'],"[ClassInstructor(name='Goff, Kelly', link='https://wheatoncollege.edu/academics/faculty-directory/Kelly-Goff/')]",,DVAH,,[],https://www.bkstr.com/webapp/wcs/stores/servlet/booklookServlet?bookstore_id-1=525&term_id-1=Spring+2015&div-1=&dept-1=ARTS&course-1=402&section-1=B,"SeatInfo(max='Max Enroll: 999', taken='Max Enroll: 999', avail='Max Enroll: 999', wait_list='Max Enroll: 999')",Senior Majors Only. ,Wednesday 3:30  - 6:20 
46,AST,"ClassNumber(num='AST-099 B01', link='https://weblprod1.wheatonma.edu/PROD/bzcrschd.P_ViewCourseDescription?term_in=201520&subj_code_in=AST&crse_numb_in=099&crn_in=10672&seq_numb_in=B01')","ClassExam(letter='J.', link='https://weblprod1.wheatonma.edu/PROD/bzcrschd.P_DispExamInfo?exam_code=J.&course=AST-099 B01&term_code=201520&term_desc=Spring 2015&crn=10672')",Independent Study,10672,['TBA'],['Location info TBA'],"[ClassInstructor(name='Maitra, Dipankar', link='https://wheatoncollege.edu/academics/faculty-directory/Dipankar-Maitra/')]",,,,[],https://www.bkstr.com/webapp/wcs/stores/servlet/booklookServlet?bookstore_id-1=525&term_id-1=Spring+2015&div-1=&dept-1=AST&course-1=099&section-1=B01,"SeatInfo(max='Max Enroll: 1', taken='Max Enroll: 1', avail='Max Enroll: 1', wait_list='Max Enroll: 1')",Permission of Instructor. ,
47,AST,"ClassNumber(num='AST-130 B', link='https://weblprod1.wheatonma.edu/PROD/bzcrschd.P_ViewCourseDescription?term_in=201520&subj_code_in=AST&crse_numb_in=130&crn_in=10280&seq_numb_in=B')","ClassExam(letter='S.', link='https://weblprod1.wheatonma.edu/PROD/bzcrschd.P_DispExamInfo?exam_code=S.&course=AST-130 B&term_code=201520&term_desc=Spring 2015&crn=10280')",The Universe,10280,['M W 6:30 PM - 9:00 PM'],['Science Center B246'],"[ClassInstructor(name='Barker, Philip T.', link='https://wheatoncollege.edu/academics/faculty-directory/timothy-barker/')]",,DVNS,ARNS,"[ClassConx(num='2059', link='https://weblprod1.wheatonma.edu/PROD/bzcrschd.P_ViewCourseDescription?term_in=201520&subj_code_in=CONX&crse_numb_in=20059&crn_in=&seq_numb_in='), ClassConx(num='2077', link='https://weblprod1.wheatonma.edu/PROD/bzcrschd.P_ViewCourseDescription?term_in=201520&subj_code_in=CONX&crse_numb_in=20077&crn_in=&seq_numb_in=')]",https://www.bkstr.com/webapp/wcs/stores/servlet/booklookServlet?bookstore_id-1=525&term_id-1=Spring+2015&div-1=&dept-1=AST&course-1=130&section-1=B,"SeatInfo(max='Max Enroll: 36', taken='Max Enroll: 36', avail='Max Enroll: 36', wait_list='Max Enroll: 36')",Permission of Instructor. ,Monday Wednesday 6:30  - 9:00 
48,AST,"ClassNumber(num='AST-303 B', link='https://weblprod1.wheatonma.edu/PROD/bzcrschd.P_ViewCourseDescription?term_in=201520&subj_code_in=AST&crse_numb_in=303&crn_in=10281&seq_numb_in=B')","ClassExam(letter='R.', link='https://weblprod1.wheatonma.edu/PROD/bzcrschd.P_DispExamInfo?exam_code=R.&course=AST-303 B&term_code=201520&term_desc=Spring 2015&crn=10281')",Astrobiology,10281,['T R 2:00 PM - 3:20 PM'],['Science Center B325'],"[ClassInstructor(name='Collins, Geoffrey C.', link='https://wheatoncollege.edu/academics/faculty-directory/Geoffrey-Collins/')]",,DVNS,,[],https://www.bkstr.com/webapp/wcs/stores/servlet/booklookServlet?bookstore_id-1=525&term_id-1=Spring+2015&div-1=&dept-1=AST&course-1=303&section-1=B,"SeatInfo(max='Max Enroll: 999', taken='Max Enroll: 999', avail='Max Enroll: 999', wait_list='Max Enroll: 999')",,Tuesday Thursday 2:00  - 3:20 
49,AST,"ClassNumber(num='AST-305 B', link='https://weblprod1.wheatonma.edu/PROD/bzcrschd.P_ViewCourseDescription?term_in=201520&subj_code_in=AST&crse_numb_in=305&crn_in=10282&seq_numb_in=B')","ClassExam(letter='S.', link='https://weblprod1.wheatonma.edu/PROD/bzcrschd.P_DispExamInfo?exam_code=S.&course=AST-305 B&term_code=201520&term_desc=Spring 2015&crn=10282')",Observational Astronomy,10282,['T R 7:00 PM - 8:30 PM'],['Science Center 1313'],"[ClassInstructor(name='Maitra, Dipankar', link='https://wheatoncollege.edu/academics/faculty-directory/Dipankar-Maitra/')]",,DVNS,ARNS,[],https://www.bkstr.com/webapp/wcs/stores/servlet/booklookServlet?bookstore_id-1=525&term_id-1=Spring+2015&div-1=&dept-1=AST&course-1=305&section-1=B,"SeatInfo(max='Max Enroll: 999', taken='Max Enroll: 999', avail='Max Enroll: 999', wait_list='Max Enroll: 999')",Prerequisite: One course in Astronomy. ,Tuesday Thursday 7:00  - 8:30 
50,BIO,"ClassNumber(num='BIO-099 B01', link='https://weblprod1.wheatonma.edu/PROD/bzcrschd.P_ViewCourseDescription?term_in=201520&subj_code_in=BIO&crse_numb_in=099&crn_in=10676&seq_numb_in=B01')","ClassExam(letter='J.', link='https://weblprod1.wheatonma.edu/PROD/bzcrschd.P_DispExamInfo?exam_code=J.&course=BIO-099 B01&term_code=201520&term_desc=Spring 2015&crn=10676')",Selected Topics,10676,['TBA'],['Location info TBA'],"[ClassInstructor(name='Morris, Robert L.', link='https://wheatoncollege.edu/academics/faculty-directory/robert-l-morris/')]",,DVNS,ARNS,[],https://www.bkstr.com/webapp/wcs/stores/servlet/booklookServlet?bookstore_id-1=525&term_id-1=Spring+2015&div-1=&dept-1=BIO&course-1=099&section-1=B01,"SeatInfo(max='Max Enroll: 1', taken='Max Enroll: 1', avail='Max Enroll: 1', wait_list='Max Enroll: 1')",Permission of instructor. ,
51,BIO,"ClassNumber(num='BIO-105 B', link='https://weblprod1.wheatonma.edu/PROD/bzcrschd.P_ViewCourseDescription?term_in=201520&subj_code_in=BIO&crse_numb_in=105&crn_in=10428&seq_numb_in=B')","ClassExam(letter='C.', link='https://weblprod1.wheatonma.edu/PROD/bzcrschd.P_DispExamInfo?exam_code=C.&course=BIO-105 B&term_code=201520&term_desc=Spring 2015&crn=10428')",Nutrition,10428,['M W F 10:30 AM - 11:20 AM'],['Science Center B350'],"[ClassInstructor(name='Ackerman-Morris, Shari', link='https://wheatoncollege.edu/academics/faculty-directory/shari-morris/')]",,DVNS,ARNS,"[ClassConx(num='2302', link='https://weblprod1.wheatonma.edu/PROD/bzcrschd.P_ViewCourseDescription?term_in=201520&subj_code_in=CONX&crse_numb_in=23002&crn_in=&seq_numb_in=')]",https://www.bkstr.com/webapp/wcs/stores/servlet/booklookServlet?bookstore_id-1=525&term_id-1=Spring+2015&div-1=&dept-1=BIO&course-1=105&section-1=B,"SeatInfo(max='Max Enroll: 24', taken='Max Enroll: 24', avail='Max Enroll: 24', wait_list='Max Enroll: 24')",Permission of Instructor. ,Monday Wednesday Friday 10:30  - 11:20 
52,BIO,"ClassNumber(num='BIO-105 L', link='https://weblprod1.wheatonma.edu/PROD/bzcrschd.P_ViewCourseDescription?term_in=201520&subj_code_in=BIO&crse_numb_in=105&crn_in=10429&seq_numb_in=L')","ClassExam(letter='', link='')",Nutrition Lab,10429,['W 2:00 PM - 4:59 PM'],['Location info TBA'],"[ClassInstructor(name='Ackerman-Morris, Shari', link='https://wheatoncollege.edu/academics/faculty-directory/shari-morris/')]",,,,[],https://www.bkstr.com/webapp/wcs/stores/servlet/booklookServlet?bookstore_id-1=525&term_id-1=Spring+2015&div-1=&dept-1=BIO&course-1=105&section-1=L,"SeatInfo(max='Max Enroll: 24', taken='Max Enroll: 24', avail='Max Enroll: 24', wait_list='Max Enroll: 24')",Permission of Instructor. ,Wednesday 2:00  - 4:59 
53,BIO,"ClassNumber(num='BIO-111 B', link='https://weblprod1.wheatonma.edu/PROD/bzcrschd.P_ViewCourseDescription?term_in=201520&subj_code_in=BIO&crse_numb_in=111&crn_in=10135&seq_numb_in=B')","ClassExam(letter='C.', link='https://weblprod1.wheatonma.edu/PROD/bzcrschd.P_DispExamInfo?exam_code=C.&course=BIO-111 B&term_code=201520&term_desc=Spring 2015&crn=10135')",Evolution & Ecology,10135,['M W F 10:30 AM - 11:20 AM'],['Science Center B243'],"[ClassInstructor(name='Dyer, Betsey', link='https://wheatoncollege.edu/academics/faculty-directory/betsey-dexter-dyer/')]",,DVNS,ARNS,[],https://www.bkstr.com/webapp/wcs/stores/servlet/booklookServlet?bookstore_id-1=525&term_id-1=Spring+2015&div-1=&dept-1=BIO&course-1=111&section-1=B,"SeatInfo(max='Max Enroll: 54', taken='Max Enroll: 54', avail='Max Enroll: 54', wait_list='Max Enroll: 54')","Preference will be given to First Year students planning to major in Biology, Environmental Science, Neuroscience or planning a pre-professional concentration in health sciences. A lab section must be selected with lecture. Seniors, Juniors and Sophomores permission of the Biology Department Chair. Limited to 54. ",Monday Wednesday Friday 10:30  - 11:20 
54,BIO,"ClassNumber(num='BIO-111 L01', link='https://weblprod1.wheatonma.edu/PROD/bzcrschd.P_ViewCourseDescription?term_in=201520&subj_code_in=BIO&crse_numb_in=111&crn_in=10136&seq_numb_in=L01')","ClassExam(letter='', link='')",Evolution & Ecology Lab,10136,['W 2:00 PM - 4:50 PM'],['Mars Center-Science/Technology 2143'],"[ClassInstructor(name='Cato, Deborah A.', link='https://wheatoncollege.edu/academics/faculty-directory/Deborah-Cato/')]",,,,[],https://www.bkstr.com/webapp/wcs/stores/servlet/booklookServlet?bookstore_id-1=525&term_id-1=Spring+2015&div-1=&dept-1=BIO&course-1=111&section-1=L01,"SeatInfo(max='Max Enroll: 18', taken='Max Enroll: 18', avail='Max Enroll: 18', wait_list='Max Enroll: 18')",A lecture section must be selected with lab.  Limited to 18. ,Wednesday 2:00  - 4:50 
55,BIO,"ClassNumber(num='BIO-111 L02', link='https://weblprod1.wheatonma.edu/PROD/bzcrschd.P_ViewCourseDescription?term_in=201520&subj_code_in=BIO&crse_numb_in=111&crn_in=10137&seq_numb_in=L02')","ClassExam(letter='', link='')",Evolution & Ecology Lab,10137,['R 2:00 PM - 4:50 PM'],['Mars Center-Science/Technology 2143'],"[ClassInstructor(name='Cato, Deborah A.', link='https://wheatoncollege.edu/academics/faculty-directory/Deborah-Cato/')]",,,,[],https://www.bkstr.com/webapp/wcs/stores/servlet/booklookServlet?bookstore_id-1=525&term_id-1=Spring+2015&div-1=&dept-1=BIO&course-1=111&section-1=L02,"SeatInfo(max='Max Enroll: 18', taken='Max Enroll: 18', avail='Max Enroll: 18', wait_list='Max Enroll: 18')",A lecture section must be selected with lab. Limited to 18. ,Thursday 2:00  - 4:50 
56,BIO,"ClassNumber(num='BIO-111 L03', link='https://weblprod1.wheatonma.edu/PROD/bzcrschd.P_ViewCourseDescription?term_in=201520&subj_code_in=BIO&crse_numb_in=111&crn_in=10138&seq_numb_in=L03')","ClassExam(letter='', link='')",Evolution & Ecology Lab,10138,['R 8:00 AM - 10:50 AM'],['Mars Center-Science/Technology 2143'],"[ClassInstructor(name='Cato, Deborah A.', link='https://wheatoncollege.edu/academics/faculty-directory/Deborah-Cato/')]",,,,[],https://www.bkstr.com/webapp/wcs/stores/servlet/booklookServlet?bookstore_id-1=525&term_id-1=Spring+2015&div-1=&dept-1=BIO&course-1=111&section-1=L03,"SeatInfo(max='Max Enroll: 18', taken='Max Enroll: 18', avail='Max Enroll: 18', wait_list='Max Enroll: 18')",A lecture section must be selected with lab. Limited to 18. ,Thursday 8:00  - 10:50 
57,BIO,"ClassNumber(num='BIO-112 B', link='https://weblprod1.wheatonma.edu/PROD/bzcrschd.P_ViewCourseDescription?term_in=201520&subj_code_in=BIO&crse_numb_in=112&crn_in=10139&seq_numb_in=B')","ClassExam(letter='C.', link='https://weblprod1.wheatonma.edu/PROD/bzcrschd.P_DispExamInfo?exam_code=C.&course=BIO-112 B&term_code=201520&term_desc=Spring 2015&crn=10139')",Cells and Genes,10139,['M W F 10:30 AM - 11:20 AM'],['Science Center AUD'],"[ClassInstructor(name='Lanni, Jennifer S.', link='https://wheatoncollege.edu/academics/faculty-directory/Jennifer-Lanni/')]",,DVNS,ARNS,"[ClassConx(num='2026', link='https://weblprod1.wheatonma.edu/PROD/bzcrschd.P_ViewCourseDescription?term_in=201520&subj_code_in=CONX&crse_numb_in=20026&crn_in=&seq_numb_in=')]",https://www.bkstr.com/webapp/wcs/stores/servlet/booklookServlet?bookstore_id-1=525&term_id-1=Spring+2015&div-1=&dept-1=BIO&course-1=112&section-1=B,"SeatInfo(max='Max Enroll: 54', taken='Max Enroll: 54', avail='Max Enroll: 54', wait_list='Max Enroll: 54')","Preference will be given to First Year students planning to major in Biology, Biochemistry, Bioinformatics, Environmental Science, Neuroscience or planning a pre-professional concentration in health sciences. A lab section must be selected with lecture. Seniors, Juniors and Sophomores permission of the Biology Department Chair. Limited to 54. ",Monday Wednesday Friday 10:30  - 11:20 
58,BIO,"ClassNumber(num='BIO-112 L01', link='https://weblprod1.wheatonma.edu/PROD/bzcrschd.P_ViewCourseDescription?term_in=201520&subj_code_in=BIO&crse_numb_in=112&crn_in=10140&seq_numb_in=L01')","ClassExam(letter='', link='')",Cells and Genes Lab,10140,['M 2:00 PM - 4:50 PM'],['Mars Center-Science/Technology 2143'],"[ClassInstructor(name='Ackerman-Morris, Shari', link='https://wheatoncollege.edu/academics/faculty-directory/shari-morris/')]",,,,[],https://www.bkstr.com/webapp/wcs/stores/servlet/booklookServlet?bookstore_id-1=525&term_id-1=Spring+2015&div-1=&dept-1=BIO&course-1=112&section-1=L01,"SeatInfo(max='Max Enroll: 18', taken='Max Enroll: 18', avail='Max Enroll: 18', wait_list='Max Enroll: 18')",A lecture section must be selected with lab. Limited to 18. ,Monday 2:00  - 4:50 
59,BIO,"ClassNumber(num='BIO-112 L02', link='https://weblprod1.wheatonma.edu/PROD/bzcrschd.P_ViewCourseDescription?term_in=201520&subj_code_in=BIO&crse_numb_in=112&crn_in=10141&seq_numb_in=L02')","ClassExam(letter='', link='')",Cells and Genes Lab,10141,['T 8:00 AM - 10:50 AM'],['Mars Center-Science/Technology 2143'],"[ClassInstructor(name='Barrett, Susan', link='https://wheatoncollege.edu/academics/faculty-directory/Susan-Barrett/')]",,,,[],https://www.bkstr.com/webapp/wcs/stores/servlet/booklookServlet?bookstore_id-1=525&term_id-1=Spring+2015&div-1=&dept-1=BIO&course-1=112&section-1=L02,"SeatInfo(max='Max Enroll: 18', taken='Max Enroll: 18', avail='Max Enroll: 18', wait_list='Max Enroll: 18')",A lecture section must be selected with lab. Limited to 18. ,Tuesday 8:00  - 10:50 
60,BIO,"ClassNumber(num='BIO-112 L03', link='https://weblprod1.wheatonma.edu/PROD/bzcrschd.P_ViewCourseDescription?term_in=201520&subj_code_in=BIO&crse_numb_in=112&crn_in=10142&seq_numb_in=L03')","ClassExam(letter='', link='')",Cells and Genes Lab,10142,['T 2:00 PM - 4:50 PM'],['Mars Center-Science/Technology 2143'],"[ClassInstructor(name='Barrett, Susan', link='https://wheatoncollege.edu/academics/faculty-directory/Susan-Barrett/')]",,,,[],https://www.bkstr.com/webapp/wcs/stores/servlet/booklookServlet?bookstore_id-1=525&term_id-1=Spring+2015&div-1=&dept-1=BIO&course-1=112&section-1=L03,"SeatInfo(max='Max Enroll: 18', taken='Max Enroll: 18', avail='Max Enroll: 18', wait_list='Max Enroll: 18')",A lecture section must be selected with lab. Limited to 18. ,Tuesday 2:00  - 4:50 
61,BIO,"ClassNumber(num='BIO-211 B', link='https://weblprod1.wheatonma.edu/PROD/bzcrschd.P_ViewCourseDescription?term_in=201520&subj_code_in=BIO&crse_numb_in=211&crn_in=10143&seq_numb_in=B')","ClassExam(letter='C.', link='https://weblprod1.wheatonma.edu/PROD/bzcrschd.P_DispExamInfo?exam_code=C.&course=BIO-211 B&term_code=201520&term_desc=Spring 2015&crn=10143')",Genetics,10143,['M W F 10:30 AM - 11:20 AM'],['Science Center B246'],"[ClassInstructor(name='Hagstrom, Kirsten A.', link='https://wheatoncollege.edu/academics/faculty-directory/Kirsten-Hagstrom/')]",,DVNS,ARNS,"[ClassConx(num='2015', link='https://weblprod1.wheatonma.edu/PROD/bzcrschd.P_ViewCourseDescription?term_in=201520&subj_code_in=CONX&crse_numb_in=20015&crn_in=&seq_numb_in='), ClassConx(num='2060', link='https://weblprod1.wheatonma.edu/PROD/bzcrschd.P_ViewCourseDescription?term_in=201520&subj_code_in=CONX&crse_numb_in=20060&crn_in=&seq_numb_in='), ClassConx(num='2316', link='https://weblprod1.wheatonma.edu/PROD/bzcrschd.P_ViewCourseDescription?term_in=201520&subj_code_in=CONX&crse_numb_in=23016&crn_in=&seq_numb_in=')]",https://www.bkstr.com/webapp/wcs/stores/servlet/booklookServlet?bookstore_id-1=525&term_id-1=Spring+2015&div-1=&dept-1=BIO&course-1=211&section-1=B,"SeatInfo(max='Max Enroll: 22', taken='Max Enroll: 22', avail='Max Enroll: 22', wait_list='Max Enroll: 22')",Permission of Instructor. ,Monday Wednesday Friday 10:30  - 11:20 
62,BIO,"ClassNumber(num='BIO-211 L01', link='https://weblprod1.wheatonma.edu/PROD/bzcrschd.P_ViewCourseDescription?term_in=201520&subj_code_in=BIO&crse_numb_in=211&crn_in=10144&seq_numb_in=L01')","ClassExam(letter='', link='')",Genetics Lab,10144,['W 2:00 PM - 4:50 PM'],['Mars Center-Science/Technology 2145'],"[ClassInstructor(name='Hagstrom, Kirsten A.', link='https://wheatoncollege.edu/academics/faculty-directory/Kirsten-Hagstrom/')]",,,,[],https://www.bkstr.com/webapp/wcs/stores/servlet/booklookServlet?bookstore_id-1=525&term_id-1=Spring+2015&div-1=&dept-1=BIO&course-1=211&section-1=L01,"SeatInfo(max='Max Enroll: 22', taken='Max Enroll: 22', avail='Max Enroll: 22', wait_list='Max Enroll: 22')",Permission of Instructor. ,Wednesday 2:00  - 4:50 
63,BIO,"ClassNumber(num='BIO-211 L02', link='https://weblprod1.wheatonma.edu/PROD/bzcrschd.P_ViewCourseDescription?term_in=201520&subj_code_in=BIO&crse_numb_in=211&crn_in=10589&seq_numb_in=L02')","ClassExam(letter='', link='')",Genetics Lab,10589,['M 2:00 PM - 4:50 PM'],['Mars Center-Science/Technology 2145'],"[ClassInstructor(name='Hagstrom, Kirsten A.', link='https://wheatoncollege.edu/academics/faculty-directory/Kirsten-Hagstrom/')]",,,,[],https://www.bkstr.com/webapp/wcs/stores/servlet/booklookServlet?bookstore_id-1=525&term_id-1=Spring+2015&div-1=&dept-1=BIO&course-1=211&section-1=L02,"SeatInfo(max='Max Enroll: 22', taken='Max Enroll: 22', avail='Max Enroll: 22', wait_list='Max Enroll: 22')",Permission of Instructor. ,Monday 2:00  - 4:50 
64,BIO,"ClassNumber(num='BIO-221 B', link='https://weblprod1.wheatonma.edu/PROD/bzcrschd.P_ViewCourseDescription?term_in=201520&subj_code_in=BIO&crse_numb_in=221&crn_in=10145&seq_numb_in=B')","ClassExam(letter='M.', link='https://weblprod1.wheatonma.edu/PROD/bzcrschd.P_DispExamInfo?exam_code=M.&course=BIO-221 B&term_code=201520&term_desc=Spring 2015&crn=10145')",Microbiology,10145,['T R 9:30 AM - 10:50 AM'],['Mars Center-Science/Technology 1141'],"[ClassInstructor(name='Rosebrock, Tracy R.', link='https://wheatoncollege.edu/academics/faculty-directory/Tracy-Rosebrock/')]",,DVNS,ARNS,"[ClassConx(num='2005', link='https://weblprod1.wheatonma.edu/PROD/bzcrschd.P_ViewCourseDescription?term_in=201520&subj_code_in=CONX&crse_numb_in=20005&crn_in=&seq_numb_in=')]",https://www.bkstr.com/webapp/wcs/stores/servlet/booklookServlet?bookstore_id-1=525&term_id-1=Spring+2015&div-1=&dept-1=BIO&course-1=221&section-1=B,"SeatInfo(max='Max Enroll: 22', taken='Max Enroll: 22', avail='Max Enroll: 22', wait_list='Max Enroll: 22')",Prerequisite: BIO 101 or BIO 112 or AP credit or equivalent. Lab section must be selected with lecture. Limited to 22. ,Tuesday Thursday 9:30  - 10:50 
65,BIO,"ClassNumber(num='BIO-221 L', link='https://weblprod1.wheatonma.edu/PROD/bzcrschd.P_ViewCourseDescription?term_in=201520&subj_code_in=BIO&crse_numb_in=221&crn_in=10146&seq_numb_in=L')","ClassExam(letter='', link='')",Microbiology Lab,10146,['R 2:00 PM - 4:50 PM'],['Mars Center-Science/Technology 2141'],"[ClassInstructor(name='Rosebrock, Tracy R.', link='https://wheatoncollege.edu/academics/faculty-directory/Tracy-Rosebrock/')]",,,,[],https://www.bkstr.com/webapp/wcs/stores/servlet/booklookServlet?bookstore_id-1=525&term_id-1=Spring+2015&div-1=&dept-1=BIO&course-1=221&section-1=L,"SeatInfo(max='Max Enroll: 22', taken='Max Enroll: 22', avail='Max Enroll: 22', wait_list='Max Enroll: 22')",A lecture section must be selected with lab. Limited to 22. ,Thursday 2:00  - 4:50 
66,BIO,"ClassNumber(num='BIO-254 B', link='https://weblprod1.wheatonma.edu/PROD/bzcrschd.P_ViewCourseDescription?term_in=201520&subj_code_in=BIO&crse_numb_in=254&crn_in=10149&seq_numb_in=B')","ClassExam(letter='N.', link='https://weblprod1.wheatonma.edu/PROD/bzcrschd.P_DispExamInfo?exam_code=N.&course=BIO-254 B&term_code=201520&term_desc=Spring 2015&crn=10149')",Developmental Biology,10149,['T R 11:00 AM - 12:20 PM'],['Mars Center-Science/Technology 1145'],"[ClassInstructor(name='Morris, Robert L.', link='https://wheatoncollege.edu/academics/faculty-directory/robert-l-morris/')]",,DVNS,ARNS,"[ClassConx(num='2312', link='https://weblprod1.wheatonma.edu/PROD/bzcrschd.P_ViewCourseDescription?term_in=201520&subj_code_in=CONX&crse_numb_in=23012&crn_in=&seq_numb_in=')]",https://www.bkstr.com/webapp/wcs/stores/servlet/booklookServlet?bookstore_id-1=525&term_id-1=Spring+2015&div-1=&dept-1=BIO&course-1=254&section-1=B,"SeatInfo(max='Max Enroll: 18', taken='Max Enroll: 18', avail='Max Enroll: 18', wait_list='Max Enroll: 18')",Permission of Instructor. ,Tuesday Thursday 11:00  - 12:20 
67,BIO,"ClassNumber(num='BIO-254 L', link='https://weblprod1.wheatonma.edu/PROD/bzcrschd.P_ViewCourseDescription?term_in=201520&subj_code_in=BIO&crse_numb_in=254&crn_in=10461&seq_numb_in=L')","ClassExam(letter='', link='')",Developmental Biology Lab,10461,['T 2:00 PM - 4:50 PM'],['Mars Center-Science/Technology 1145'],"[ClassInstructor(name='Morris, Robert L.', link='https://wheatoncollege.edu/academics/faculty-directory/robert-l-morris/')]",,,,[],https://www.bkstr.com/webapp/wcs/stores/servlet/booklookServlet?bookstore_id-1=525&term_id-1=Spring+2015&div-1=&dept-1=BIO&course-1=254&section-1=L,"SeatInfo(max='Max Enroll: 18', taken='Max Enroll: 18', avail='Max Enroll: 18', wait_list='Max Enroll: 18')",Permission of Instructor. ,Tuesday 2:00  - 4:50 
68,BIO,"ClassNumber(num='BIO-290 B', link='https://weblprod1.wheatonma.edu/PROD/bzcrschd.P_ViewCourseDescription?term_in=201520&subj_code_in=BIO&crse_numb_in=290&crn_in=10525&seq_numb_in=B')","ClassExam(letter='J.', link='https://weblprod1.wheatonma.edu/PROD/bzcrschd.P_DispExamInfo?exam_code=J.&course=BIO-290 B&term_code=201520&term_desc=Spring 2015&crn=10525')",Biology of Whales,10525,['W 5:30 PM - 8:30 PM'],['Location info TBA'],[],,DVNS,ARNS,[],https://www.bkstr.com/webapp/wcs/stores/servlet/booklookServlet?bookstore_id-1=525&term_id-1=Spring+2015&div-1=&dept-1=BIO&course-1=290&section-1=B,"SeatInfo(max='Max Enroll: 999', taken='Max Enroll: 999', avail='Max Enroll: 999', wait_list='Max Enroll: 999')","Marine Studies Consortium: New England, Harborside Learning Lab, Boston. Classes start January 21, 2015. Wednesdays from 5:30 to 8:30p.m. Taught by Professor Ingrid Biedron. Prerequisites: BIO 111 and 112 or AP Biology credit PLUS two upper-level Biology courses. Students are responsible for their own transportation. For more information go to: http://www1.assumption.edu/msc/schedule-location.html ",Wednesday 5:30  - 8:30 
69,BIO,"ClassNumber(num='BIO-298 B01', link='https://weblprod1.wheatonma.edu/PROD/bzcrschd.P_ViewCourseDescription?term_in=201520&subj_code_in=BIO&crse_numb_in=298&crn_in=10592&seq_numb_in=B01')","ClassExam(letter='N.', link='https://weblprod1.wheatonma.edu/PROD/bzcrschd.P_DispExamInfo?exam_code=N.&course=BIO-298 B01&term_code=201520&term_desc=Spring 2015&crn=10592')",Introduction to Immunology,10592,['T R 11:00 AM - 12:20 PM'],['Science Center B350'],"[ClassInstructor(name='Ackerman-Morris, Shari', link='https://wheatoncollege.edu/academics/faculty-directory/shari-morris/')]",,,,[],https://www.bkstr.com/webapp/wcs/stores/servlet/booklookServlet?bookstore_id-1=525&term_id-1=Spring+2015&div-1=&dept-1=BIO&course-1=298&section-1=B01,"SeatInfo(max='Max Enroll: 35', taken='Max Enroll: 35', avail='Max Enroll: 35', wait_list='Max Enroll: 35')",Prerequisite: BIO 112.  Permission of Instructor. Limited to 35. ,Tuesday Thursday 11:00  - 12:20 
70,BIO,"ClassNumber(num='BIO-299 B01', link='https://weblprod1.wheatonma.edu/PROD/bzcrschd.P_ViewCourseDescription?term_in=201520&subj_code_in=BIO&crse_numb_in=299&crn_in=10666&seq_numb_in=B01')","ClassExam(letter='J.', link='https://weblprod1.wheatonma.edu/PROD/bzcrschd.P_DispExamInfo?exam_code=J.&course=BIO-299 B01&term_code=201520&term_desc=Spring 2015&crn=10666')",Selected Topics,10666,['TBA'],['Location info TBA'],"[ClassInstructor(name='Macesic Ekstrom, Laura J.', link='https://wheatoncollege.edu/academics/faculty-directory/Laura-Macesic Ekstrom/')]",,DVNS,ARNS,[],https://www.bkstr.com/webapp/wcs/stores/servlet/booklookServlet?bookstore_id-1=525&term_id-1=Spring+2015&div-1=&dept-1=BIO&course-1=299&section-1=B01,"SeatInfo(max='Max Enroll: 1', taken='Max Enroll: 1', avail='Max Enroll: 1', wait_list='Max Enroll: 1')",Permission of Instructor. ,
71,BIO,"ClassNumber(num='BIO-305 B', link='https://weblprod1.wheatonma.edu/PROD/bzcrschd.P_ViewCourseDescription?term_in=201520&subj_code_in=BIO&crse_numb_in=305&crn_in=10549&seq_numb_in=B')","ClassExam(letter='I.', link='https://weblprod1.wheatonma.edu/PROD/bzcrschd.P_DispExamInfo?exam_code=I.&course=BIO-305 B&term_code=201520&term_desc=Spring 2015&crn=10549')",Biochemistry,10549,['T R 12:30 PM - 1:50 PM'],['Science Center B350'],"[ClassInstructor(name='Lanni, Jennifer S.', link='https://wheatoncollege.edu/academics/faculty-directory/Jennifer-Lanni/')]",,DVNS,ARNS,[],https://www.bkstr.com/webapp/wcs/stores/servlet/booklookServlet?bookstore_id-1=525&term_id-1=Spring+2015&div-1=&dept-1=BIO&course-1=305&section-1=B,"SeatInfo(max='Max Enroll: 16', taken='Max Enroll: 16', avail='Max Enroll: 16', wait_list='Max Enroll: 16')","Cross-Listed with CHEM 305. Prerequisites: Permission of Instructor and BIO 112, CHEM 253, CHEM 254, and any one of the following: BIO 211 or BIO 219 or BIO 221 or BIO 254. Lab section must be selected with lecture. Limited to 16. ",Tuesday Thursday 12:30  - 1:50 
72,BIO,"ClassNumber(num='BIO-305 L', link='https://weblprod1.wheatonma.edu/PROD/bzcrschd.P_ViewCourseDescription?term_in=201520&subj_code_in=BIO&crse_numb_in=305&crn_in=10550&seq_numb_in=L')","ClassExam(letter='', link='')",Biochemistry Lab,10550,['W 2:00 PM - 5:00 PM'],['Mars Center-Science/Technology 2141'],"[ClassInstructor(name='Lanni, Jennifer S.', link='https://wheatoncollege.edu/academics/faculty-directory/Jennifer-Lanni/')]",,,,[],https://www.bkstr.com/webapp/wcs/stores/servlet/booklookServlet?bookstore_id-1=525&term_id-1=Spring+2015&div-1=&dept-1=BIO&course-1=305&section-1=L,"SeatInfo(max='Max Enroll: 16', taken='Max Enroll: 16', avail='Max Enroll: 16', wait_list='Max Enroll: 16')",A lecture section must be selected with lab. Limited to 16. ,Wednesday 2:00  - 5:00 
73,BIO,"ClassNumber(num='BIO-316 B', link='https://weblprod1.wheatonma.edu/PROD/bzcrschd.P_ViewCourseDescription?term_in=201520&subj_code_in=BIO&crse_numb_in=316&crn_in=10147&seq_numb_in=B')","ClassExam(letter='C.', link='https://weblprod1.wheatonma.edu/PROD/bzcrschd.P_DispExamInfo?exam_code=C.&course=BIO-316 B&term_code=201520&term_desc=Spring 2015&crn=10147')",Molecular Biology and Genomics,10147,['M W F 10:30 AM - 11:20 AM'],['Mars Center-Science/Technology 3102'],"[ClassInstructor(name='McCafferty, S. Shawn', link='https://wheatoncollege.edu/academics/faculty-directory/shawn-mccafferty/')]",,DVNS,ARNS,[],https://www.bkstr.com/webapp/wcs/stores/servlet/booklookServlet?bookstore_id-1=525&term_id-1=Spring+2015&div-1=&dept-1=BIO&course-1=316&section-1=B,"SeatInfo(max='Max Enroll: 16', taken='Max Enroll: 16', avail='Max Enroll: 16', wait_list='Max Enroll: 16')","Prerequisites: At least one 200 level Biology course, or Permission of Instructor. Lab section must be taken with lecture section. Limited to 16. ",Monday Wednesday Friday 10:30  - 11:20 
74,BIO,"ClassNumber(num='BIO-316 L', link='https://weblprod1.wheatonma.edu/PROD/bzcrschd.P_ViewCourseDescription?term_in=201520&subj_code_in=BIO&crse_numb_in=316&crn_in=10148&seq_numb_in=L')","ClassExam(letter='', link='')",Molecular Bio & Genomics Lab,10148,['M 2:00 PM - 4:50 PM'],['Mars Center-Science/Technology 2141'],"[ClassInstructor(name='McCafferty, S. Shawn', link='https://wheatoncollege.edu/academics/faculty-directory/shawn-mccafferty/')]",,,,[],https://www.bkstr.com/webapp/wcs/stores/servlet/booklookServlet?bookstore_id-1=525&term_id-1=Spring+2015&div-1=&dept-1=BIO&course-1=316&section-1=L,"SeatInfo(max='Max Enroll: 16', taken='Max Enroll: 16', avail='Max Enroll: 16', wait_list='Max Enroll: 16')",A lecture section must be selected with lab. Limited to 16. ,Monday 2:00  - 4:50 
75,BIO,"ClassNumber(num='BIO-320 B', link='https://weblprod1.wheatonma.edu/PROD/bzcrschd.P_ViewCourseDescription?term_in=201520&subj_code_in=BIO&crse_numb_in=320&crn_in=10462&seq_numb_in=B')","ClassExam(letter='B.', link='https://weblprod1.wheatonma.edu/PROD/bzcrschd.P_DispExamInfo?exam_code=B.&course=BIO-320 B&term_code=201520&term_desc=Spring 2015&crn=10462')",Evolution of Invertebrates,10462,['M W F 9:30 AM - 10:20 AM'],['Mars Center-Science/Technology 2124'],"[ClassInstructor(name='Dyer, Betsey', link='https://wheatoncollege.edu/academics/faculty-directory/betsey-dexter-dyer/')]",,DVNS,ARNS,[],https://www.bkstr.com/webapp/wcs/stores/servlet/booklookServlet?bookstore_id-1=525&term_id-1=Spring+2015&div-1=&dept-1=BIO&course-1=320&section-1=B,"SeatInfo(max='Max Enroll: 16', taken='Max Enroll: 16', avail='Max Enroll: 16', wait_list='Max Enroll: 16')",Prerequisite: At least one 200 level Biology course or Permission of Instructor. Lab section must be selected with lecture. Limited to 16. ,Monday Wednesday Friday 9:30  - 10:20 
76,BIO,"ClassNumber(num='BIO-320 L', link='https://weblprod1.wheatonma.edu/PROD/bzcrschd.P_ViewCourseDescription?term_in=201520&subj_code_in=BIO&crse_numb_in=320&crn_in=10463&seq_numb_in=L')","ClassExam(letter='', link='')",Evolution of Invertebrates Lab,10463,['W 2:00 PM - 4:50 PM'],['Mars Center-Science/Technology 2147'],"[ClassInstructor(name='Dyer, Betsey', link='https://wheatoncollege.edu/academics/faculty-directory/betsey-dexter-dyer/')]",,,,[],https://www.bkstr.com/webapp/wcs/stores/servlet/booklookServlet?bookstore_id-1=525&term_id-1=Spring+2015&div-1=&dept-1=BIO&course-1=320&section-1=L,"SeatInfo(max='Max Enroll: 16', taken='Max Enroll: 16', avail='Max Enroll: 16', wait_list='Max Enroll: 16')",A lecture section must be selected with lab. Limited to 16. ,Wednesday 2:00  - 4:50 
77,BIO,"ClassNumber(num='BIO-375 B', link='https://weblprod1.wheatonma.edu/PROD/bzcrschd.P_ViewCourseDescription?term_in=201520&subj_code_in=BIO&crse_numb_in=375&crn_in=10430&seq_numb_in=B')","ClassExam(letter='N.', link='https://weblprod1.wheatonma.edu/PROD/bzcrschd.P_DispExamInfo?exam_code=N.&course=BIO-375 B&term_code=201520&term_desc=Spring 2015&crn=10430')",Ornithology,10430,['T R 11:00 AM - 12:20 PM'],['Science Center B243'],"[ClassInstructor(name='Peters, Kimberly A.', link='https://wheatoncollege.edu/academics/faculty-directory/Kimberly-Peters/')]",,DVNS,ARNS,[],https://www.bkstr.com/webapp/wcs/stores/servlet/booklookServlet?bookstore_id-1=525&term_id-1=Spring+2015&div-1=&dept-1=BIO&course-1=375&section-1=B,"SeatInfo(max='Max Enroll: 14', taken='Max Enroll: 14', avail='Max Enroll: 14', wait_list='Max Enroll: 14')",Prerequisite:  At least one 200 level Biology course or Permission of Instructor. Lab section must be taken with lecture section. Limited to 14. ,Tuesday Thursday 11:00  - 12:20 
78,BIO,"ClassNumber(num='BIO-375 L', link='https://weblprod1.wheatonma.edu/PROD/bzcrschd.P_ViewCourseDescription?term_in=201520&subj_code_in=BIO&crse_numb_in=375&crn_in=10431&seq_numb_in=L')","ClassExam(letter='', link='')",Ornithology Lab,10431,['T 1:00 PM - 4:00 PM'],['Mars Center-Science/Technology 1143'],"[ClassInstructor(name='Peters, Kimberly A.', link='https://wheatoncollege.edu/academics/faculty-directory/Kimberly-Peters/')]",,,,[],https://www.bkstr.com/webapp/wcs/stores/servlet/booklookServlet?bookstore_id-1=525&term_id-1=Spring+2015&div-1=&dept-1=BIO&course-1=375&section-1=L,"SeatInfo(max='Max Enroll: 14', taken='Max Enroll: 14', avail='Max Enroll: 14', wait_list='Max Enroll: 14')",A lecture section must be selected with lab. Limited to 14. ,Tuesday 1:00  - 4:00 
79,BIO,"ClassNumber(num='BIO-390 B', link='https://weblprod1.wheatonma.edu/PROD/bzcrschd.P_ViewCourseDescription?term_in=201520&subj_code_in=BIO&crse_numb_in=390&crn_in=10526&seq_numb_in=B')","ClassExam(letter='J.', link='https://weblprod1.wheatonma.edu/PROD/bzcrschd.P_DispExamInfo?exam_code=J.&course=BIO-390 B&term_code=201520&term_desc=Spring 2015&crn=10526')",Biology of Fishes,10526,['T 5:00 PM - 9:00 PM'],['Location info TBA'],[],,DVNS,ARNS,[],https://www.bkstr.com/webapp/wcs/stores/servlet/booklookServlet?bookstore_id-1=525&term_id-1=Spring+2015&div-1=&dept-1=BIO&course-1=390&section-1=B,"SeatInfo(max='Max Enroll: 999', taken='Max Enroll: 999', avail='Max Enroll: 999', wait_list='Max Enroll: 999')","Marine Studies Consortium: New England, Harborside Learning Lab, Boston. Classes start January 20, 2015. Tuesdays from 5:00 to 9:00p.m. Taught by Professor Martha Hauff. Prerequisites: BIO 111 and 112 or AP Biology credit PLUS two upper-level Biology courses. Students are responsible for their own transportation. For more information go to: http://www1.assumption.edu/msc/schedule-location.html ",Tuesday 5:00  - 9:00 
80,BIO,"ClassNumber(num='BIO-399 B01', link='https://weblprod1.wheatonma.edu/PROD/bzcrschd.P_ViewCourseDescription?term_in=201520&subj_code_in=BIO&crse_numb_in=399&crn_in=10558&seq_numb_in=B01')","ClassExam(letter='J.', link='https://weblprod1.wheatonma.edu/PROD/bzcrschd.P_DispExamInfo?exam_code=J.&course=BIO-399 B01&term_code=201520&term_desc=Spring 2015&crn=10558')",Selected Topics,10558,['TBA'],['Location info TBA'],"[ClassInstructor(name='Lanni, Jennifer S.', link='https://wheatoncollege.edu/academics/faculty-directory/Jennifer-Lanni/')]",,DVNS,ARNS,[],https://www.bkstr.com/webapp/wcs/stores/servlet/booklookServlet?bookstore_id-1=525&term_id-1=Spring+2015&div-1=&dept-1=BIO&course-1=399&section-1=B01,"SeatInfo(max='Max Enroll: 2', taken='Max Enroll: 2', avail='Max Enroll: 2', wait_list='Max Enroll: 2')",Prerequisites: Permission of Instructor and previous course work in the field. ,
81,BIO,"ClassNumber(num='BIO-399 B02', link='https://weblprod1.wheatonma.edu/PROD/bzcrschd.P_ViewCourseDescription?term_in=201520&subj_code_in=BIO&crse_numb_in=399&crn_in=10656&seq_numb_in=B02')","ClassExam(letter='J.', link='https://weblprod1.wheatonma.edu/PROD/bzcrschd.P_DispExamInfo?exam_code=J.&course=BIO-399 B02&term_code=201520&term_desc=Spring 2015&crn=10656')",Selected Topics,10656,['TBA'],['Location info TBA'],"[ClassInstructor(name='McCafferty, S. Shawn', link='https://wheatoncollege.edu/academics/faculty-directory/shawn-mccafferty/')]",,DVNS,ARNS,[],https://www.bkstr.com/webapp/wcs/stores/servlet/booklookServlet?bookstore_id-1=525&term_id-1=Spring+2015&div-1=&dept-1=BIO&course-1=399&section-1=B02,"SeatInfo(max='Max Enroll: 1', taken='Max Enroll: 1', avail='Max Enroll: 1', wait_list='Max Enroll: 1')",Prerequisites: Permission of Instructor and previous course work in the field. ,
82,BIO,"ClassNumber(num='BIO-405 B', link='https://weblprod1.wheatonma.edu/PROD/bzcrschd.P_ViewCourseDescription?term_in=201520&subj_code_in=BIO&crse_numb_in=405&crn_in=10134&seq_numb_in=B')","ClassExam(letter='S.', link='https://weblprod1.wheatonma.edu/PROD/bzcrschd.P_DispExamInfo?exam_code=S.&course=BIO-405 B&term_code=201520&term_desc=Spring 2015&crn=10134')",Topics in Biochemistry,10134,['M W F 11:30 AM - 12:20 PM'],['Science Center A209'],"[ClassInstructor(name='Pastra-Landis, Styliani', link='https://wheatoncollege.edu/academics/faculty-directory/elita-pastra-landis/')]",,DVNS,ARNS,[],https://www.bkstr.com/webapp/wcs/stores/servlet/booklookServlet?bookstore_id-1=525&term_id-1=Spring+2015&div-1=&dept-1=BIO&course-1=405&section-1=B,"SeatInfo(max='Max Enroll: 0', taken='Max Enroll: 0', avail='Max Enroll: 0', wait_list='Max Enroll: 0')",Register under CHEM 405.  Prerequisites: CHEM 254 and BIO 305 or CHEM 305. ,Monday Wednesday Friday 11:30  - 12:20 
83,BIO,"ClassNumber(num='BIO-499 B01', link='https://weblprod1.wheatonma.edu/PROD/bzcrschd.P_ViewCourseDescription?term_in=201520&subj_code_in=BIO&crse_numb_in=499&crn_in=10596&seq_numb_in=B01')","ClassExam(letter='J.', link='https://weblprod1.wheatonma.edu/PROD/bzcrschd.P_DispExamInfo?exam_code=J.&course=BIO-499 B01&term_code=201520&term_desc=Spring 2015&crn=10596')",Independent Research,10596,['TBA'],['Location info TBA'],"[ClassInstructor(name='Macesic Ekstrom, Laura J.', link='https://wheatoncollege.edu/academics/faculty-directory/Laura-Macesic Ekstrom/')]",,DVNS,ARNS,[],https://www.bkstr.com/webapp/wcs/stores/servlet/booklookServlet?bookstore_id-1=525&term_id-1=Spring+2015&div-1=&dept-1=BIO&course-1=499&section-1=B01,"SeatInfo(max='Max Enroll: 2', taken='Max Enroll: 2', avail='Max Enroll: 2', wait_list='Max Enroll: 2')",Permission of Instructor. ,
84,BIO,"ClassNumber(num='BIO-499 B02', link='https://weblprod1.wheatonma.edu/PROD/bzcrschd.P_ViewCourseDescription?term_in=201520&subj_code_in=BIO&crse_numb_in=499&crn_in=10639&seq_numb_in=B02')","ClassExam(letter='J.', link='https://weblprod1.wheatonma.edu/PROD/bzcrschd.P_DispExamInfo?exam_code=J.&course=BIO-499 B02&term_code=201520&term_desc=Spring 2015&crn=10639')",Independent Research,10639,['TBA'],['Location info TBA'],"[ClassInstructor(name='McCafferty, S. Shawn', link='https://wheatoncollege.edu/academics/faculty-directory/shawn-mccafferty/')]",,DVNS,ARNS,[],https://www.bkstr.com/webapp/wcs/stores/servlet/booklookServlet?bookstore_id-1=525&term_id-1=Spring+2015&div-1=&dept-1=BIO&course-1=499&section-1=B02,"SeatInfo(max='Max Enroll: 1', taken='Max Enroll: 1', avail='Max Enroll: 1', wait_list='Max Enroll: 1')",Permission of Instructor. ,
85,BIO,"ClassNumber(num='BIO-500 D01', link='https://weblprod1.wheatonma.edu/PROD/bzcrschd.P_ViewCourseDescription?term_in=201520&subj_code_in=BIO&crse_numb_in=500&crn_in=10553&seq_numb_in=D01')","ClassExam(letter='J.', link='https://weblprod1.wheatonma.edu/PROD/bzcrschd.P_DispExamInfo?exam_code=J.&course=BIO-500 D01&term_code=201520&term_desc=Spring 2015&crn=10553')",Individual Research,10553,['TBA'],['Location info TBA'],"[ClassInstructor(name='Macesic Ekstrom, Laura J.', link='https://wheatoncollege.edu/academics/faculty-directory/Laura-Macesic Ekstrom/')]",,DVNS,ARNS,[],https://www.bkstr.com/webapp/wcs/stores/servlet/booklookServlet?bookstore_id-1=525&term_id-1=Spring+2015&div-1=&dept-1=BIO&course-1=500&section-1=D01,"SeatInfo(max='Max Enroll: 2', taken='Max Enroll: 2', avail='Max Enroll: 2', wait_list='Max Enroll: 2')",Permission of Instructor. ,
86,BIO,"ClassNumber(num='BIO-500 D02', link='https://weblprod1.wheatonma.edu/PROD/bzcrschd.P_ViewCourseDescription?term_in=201520&subj_code_in=BIO&crse_numb_in=500&crn_in=10566&seq_numb_in=D02')","ClassExam(letter='J.', link='https://weblprod1.wheatonma.edu/PROD/bzcrschd.P_DispExamInfo?exam_code=J.&course=BIO-500 D02&term_code=201520&term_desc=Spring 2015&crn=10566')",Individual Research,10566,['TBA'],['Location info TBA'],"[ClassInstructor(name='McCafferty, S. Shawn', link='https://wheatoncollege.edu/academics/faculty-directory/shawn-mccafferty/')]",,DVNS,ARNS,[],https://www.bkstr.com/webapp/wcs/stores/servlet/booklookServlet?bookstore_id-1=525&term_id-1=Spring+2015&div-1=&dept-1=BIO&course-1=500&section-1=D02,"SeatInfo(max='Max Enroll: 1', taken='Max Enroll: 1', avail='Max Enroll: 1', wait_list='Max Enroll: 1')",Permission of Instructor. ,
87,BIO,"ClassNumber(num='BIO-500 D03', link='https://weblprod1.wheatonma.edu/PROD/bzcrschd.P_ViewCourseDescription?term_in=201520&subj_code_in=BIO&crse_numb_in=500&crn_in=10578&seq_numb_in=D03')","ClassExam(letter='J.', link='https://weblprod1.wheatonma.edu/PROD/bzcrschd.P_DispExamInfo?exam_code=J.&course=BIO-500 D03&term_code=201520&term_desc=Spring 2015&crn=10578')",Individual Research,10578,['TBA'],['Location info TBA'],"[ClassInstructor(name='Morris, Robert L.', link='https://wheatoncollege.edu/academics/faculty-directory/robert-l-morris/')]",,DVNS,ARNS,[],https://www.bkstr.com/webapp/wcs/stores/servlet/booklookServlet?bookstore_id-1=525&term_id-1=Spring+2015&div-1=&dept-1=BIO&course-1=500&section-1=D03,"SeatInfo(max='Max Enroll: 1', taken='Max Enroll: 1', avail='Max Enroll: 1', wait_list='Max Enroll: 1')",Permission of Instructor. ,
88,MGMT,"ClassNumber(num='MGMT-111 B01', link='https://weblprod1.wheatonma.edu/PROD/bzcrschd.P_ViewCourseDescription?term_in=201520&subj_code_in=MGMT&crse_numb_in=111&crn_in=10434&seq_numb_in=B01')","ClassExam(letter='S.', link='https://weblprod1.wheatonma.edu/PROD/bzcrschd.P_DispExamInfo?exam_code=S.&course=MGMT-111 B01&term_code=201520&term_desc=Spring 2015&crn=10434')",Fundamentals of Business,10434,['M W 2:00 PM - 3:20 PM'],['Meneely Hall 301'],"[ClassInstructor(name='Cone, Marcia', link='https://wheatoncollege.edu/academics/faculty-directory/Marcia-Cone/')]",,,,[],https://www.bkstr.com/webapp/wcs/stores/servlet/booklookServlet?bookstore_id-1=525&term_id-1=Spring+2015&div-1=&dept-1=MGMT&course-1=111&section-1=B01,"SeatInfo(max='Max Enroll: 35', taken='Max Enroll: 35', avail='Max Enroll: 35', wait_list='Max Enroll: 35')",Permission of Instructor. ,Monday Wednesday 2:00  - 3:20 
89,MGMT,"ClassNumber(num='MGMT-111 B02', link='https://weblprod1.wheatonma.edu/PROD/bzcrschd.P_ViewCourseDescription?term_in=201520&subj_code_in=MGMT&crse_numb_in=111&crn_in=10514&seq_numb_in=B02')","ClassExam(letter='S.', link='https://weblprod1.wheatonma.edu/PROD/bzcrschd.P_DispExamInfo?exam_code=S.&course=MGMT-111 B02&term_code=201520&term_desc=Spring 2015&crn=10514')",Fundamentals of Business,10514,['T R 12:30 PM - 1:50 PM'],['Knapton Hall LEC'],"[ClassInstructor(name='Sago, Brad', link='https://wheatoncollege.edu/academics/faculty-directory/Brad-Sago/')]",,,,[],https://www.bkstr.com/webapp/wcs/stores/servlet/booklookServlet?bookstore_id-1=525&term_id-1=Spring+2015&div-1=&dept-1=MGMT&course-1=111&section-1=B02,"SeatInfo(max='Max Enroll: 35', taken='Max Enroll: 35', avail='Max Enroll: 35', wait_list='Max Enroll: 35')",Permission of Instructor. ,Tuesday Thursday 12:30  - 1:50 
90,MGMT,"ClassNumber(num='MGMT-210 B', link='https://weblprod1.wheatonma.edu/PROD/bzcrschd.P_ViewCourseDescription?term_in=201520&subj_code_in=MGMT&crse_numb_in=210&crn_in=10436&seq_numb_in=B')","ClassExam(letter='S.', link='https://weblprod1.wheatonma.edu/PROD/bzcrschd.P_DispExamInfo?exam_code=S.&course=MGMT-210 B&term_code=201520&term_desc=Spring 2015&crn=10436')",Business & Mgmt Responsibility,10436,['M W 12:30 PM - 1:50 PM'],['Knapton Hall LEC'],"[ClassInstructor(name='Cone, Marcia', link='https://wheatoncollege.edu/academics/faculty-directory/Marcia-Cone/')]",,,,[],https://www.bkstr.com/webapp/wcs/stores/servlet/booklookServlet?bookstore_id-1=525&term_id-1=Spring+2015&div-1=&dept-1=MGMT&course-1=210&section-1=B,"SeatInfo(max='Max Enroll: 35', taken='Max Enroll: 35', avail='Max Enroll: 35', wait_list='Max Enroll: 35')","Permission of Instructor. Prerequisites: MGMT 111. Open to Seniors, Juniors and Sophomores. 10 seats reserved for Juniors, 20 seats reserved for Sophomores. Previously PHIL xxx: Ethics. Limited to 35. ",Monday Wednesday 12:30  - 1:50 
91,MGMT,"ClassNumber(num='MGMT-250 B', link='https://weblprod1.wheatonma.edu/PROD/bzcrschd.P_ViewCourseDescription?term_in=201520&subj_code_in=MGMT&crse_numb_in=250&crn_in=10433&seq_numb_in=B')","ClassExam(letter='R.', link='https://weblprod1.wheatonma.edu/PROD/bzcrschd.P_DispExamInfo?exam_code=R.&course=MGMT-250 B&term_code=201520&term_desc=Spring 2015&crn=10433')",Accounting,10433,['W 2:00 PM - 4:50 PM'],['Science Center B246'],"[ClassInstructor(name='Angell, Rob A.', link='https://wheatoncollege.edu/academics/faculty-directory/Rob-Angell/')]",,,,[],https://www.bkstr.com/webapp/wcs/stores/servlet/booklookServlet?bookstore_id-1=525&term_id-1=Spring+2015&div-1=&dept-1=MGMT&course-1=250&section-1=B,"SeatInfo(max='Max Enroll: 35', taken='Max Enroll: 35', avail='Max Enroll: 35', wait_list='Max Enroll: 35')","Permission of Instructor. Prerequisite: MGMT 111. Open to Seniors, Juniors and Sophomores. Limited to 35. Previously MGMT 150. ",Wednesday 2:00  - 4:50 
92,MGMT,"ClassNumber(num='MGMT-298 B', link='https://weblprod1.wheatonma.edu/PROD/bzcrschd.P_ViewCourseDescription?term_in=201520&subj_code_in=MGMT&crse_numb_in=298&crn_in=10727&seq_numb_in=B')","ClassExam(letter='J.', link='https://weblprod1.wheatonma.edu/PROD/bzcrschd.P_DispExamInfo?exam_code=J.&course=MGMT-298 B&term_code=201520&term_desc=Spring 2015&crn=10727')",International Marketing,10727,['TBA'],['Location info TBA'],"[ClassInstructor(name='Wyss, Brenda', link='https://wheatoncollege.edu/academics/faculty-directory/Brenda-Wyss/')]",,,,[],https://www.bkstr.com/webapp/wcs/stores/servlet/booklookServlet?bookstore_id-1=525&term_id-1=Spring+2015&div-1=&dept-1=MGMT&course-1=298&section-1=B,"SeatInfo(max='Max Enroll: 20', taken='Max Enroll: 20', avail='Max Enroll: 20', wait_list='Max Enroll: 20')",Wheaton study abroad. Course taught in Bhutan. Limited to 20. ,
93,MGMT,"ClassNumber(num='MGMT-350 B', link='https://weblprod1.wheatonma.edu/PROD/bzcrschd.P_ViewCourseDescription?term_in=201520&subj_code_in=MGMT&crse_numb_in=350&crn_in=10432&seq_numb_in=B')","ClassExam(letter='S.', link='https://weblprod1.wheatonma.edu/PROD/bzcrschd.P_DispExamInfo?exam_code=S.&course=MGMT-350 B&term_code=201520&term_desc=Spring 2015&crn=10432')",Marketing,10432,['T R 11:00 AM - 12:20 PM'],['Meneely Hall 102'],"[ClassInstructor(name='Sago, Brad', link='https://wheatoncollege.edu/academics/faculty-directory/Brad-Sago/')]",,,,[],https://www.bkstr.com/webapp/wcs/stores/servlet/booklookServlet?bookstore_id-1=525&term_id-1=Spring+2015&div-1=&dept-1=MGMT&course-1=350&section-1=B,"SeatInfo(max='Max Enroll: 35', taken='Max Enroll: 35', avail='Max Enroll: 35', wait_list='Max Enroll: 35')",Cross-listed with FNMS 350. Prerequisite: MGMT 111. Open to Seniors and Juniors. Limited to 35. Previously MGMT 205. ,Tuesday Thursday 11:00  - 12:20 
94,CHEM,"ClassNumber(num='CHEM-099 B01', link='https://weblprod1.wheatonma.edu/PROD/bzcrschd.P_ViewCourseDescription?term_in=201520&subj_code_in=CHEM&crse_numb_in=099&crn_in=10620&seq_numb_in=B01')","ClassExam(letter='J.', link='https://weblprod1.wheatonma.edu/PROD/bzcrschd.P_DispExamInfo?exam_code=J.&course=CHEM-099 B01&term_code=201520&term_desc=Spring 2015&crn=10620')",Independent Study,10620,['TBA'],['Location info TBA'],"[ClassInstructor(name='Gaudet, Hilary T.', link='https://wheatoncollege.edu/academics/faculty-directory/hilary-magruder-gaudet/')]",,,,[],https://www.bkstr.com/webapp/wcs/stores/servlet/booklookServlet?bookstore_id-1=525&term_id-1=Spring+2015&div-1=&dept-1=CHEM&course-1=099&section-1=B01,"SeatInfo(max='Max Enroll: 1', taken='Max Enroll: 1', avail='Max Enroll: 1', wait_list='Max Enroll: 1')",,
95,CHEM,"ClassNumber(num='CHEM-145 B', link='https://weblprod1.wheatonma.edu/PROD/bzcrschd.P_ViewCourseDescription?term_in=201520&subj_code_in=CHEM&crse_numb_in=145&crn_in=10481&seq_numb_in=B')","ClassExam(letter='H.', link='https://weblprod1.wheatonma.edu/PROD/bzcrschd.P_DispExamInfo?exam_code=H.&course=CHEM-145 B&term_code=201520&term_desc=Spring 2015&crn=10481')","Art, Color and Chemistry",10481,['M W 12:30 PM - 1:50 PM'],['Mars Center-Science/Technology 3102'],"[ClassInstructor(name='Muller, Laura J.', link='https://wheatoncollege.edu/academics/faculty-directory/Laura-Muller/')]",,DVNS,ARNS,"[ClassConx(num='2047', link='https://weblprod1.wheatonma.edu/PROD/bzcrschd.P_ViewCourseDescription?term_in=201520&subj_code_in=CONX&crse_numb_in=20047&crn_in=&seq_numb_in=')]",https://www.bkstr.com/webapp/wcs/stores/servlet/booklookServlet?bookstore_id-1=525&term_id-1=Spring+2015&div-1=&dept-1=CHEM&course-1=145&section-1=B,"SeatInfo(max='Max Enroll: 16', taken='Max Enroll: 16', avail='Max Enroll: 16', wait_list='Max Enroll: 16')",Permission of Instructor. ,Monday Wednesday 12:30  - 1:50 
96,CHEM,"ClassNumber(num='CHEM-145 L', link='https://weblprod1.wheatonma.edu/PROD/bzcrschd.P_ViewCourseDescription?term_in=201520&subj_code_in=CHEM&crse_numb_in=145&crn_in=10482&seq_numb_in=L')","ClassExam(letter='', link='')","Art, Color and Chemistry Lab",10482,['W 6:00 PM - 8:50 PM'],['Mars Center-Science/Technology 3141'],"[ClassInstructor(name='Muller, Laura J.', link='https://wheatoncollege.edu/academics/faculty-directory/Laura-Muller/')]",,,,[],https://www.bkstr.com/webapp/wcs/stores/servlet/booklookServlet?bookstore_id-1=525&term_id-1=Spring+2015&div-1=&dept-1=CHEM&course-1=145&section-1=L,"SeatInfo(max='Max Enroll: 16', taken='Max Enroll: 16', avail='Max Enroll: 16', wait_list='Max Enroll: 16')",Permission of Instructor. ,Wednesday 6:00  - 8:50 
97,CHEM,"ClassNumber(num='CHEM-232 B01', link='https://weblprod1.wheatonma.edu/PROD/bzcrschd.P_ViewCourseDescription?term_in=201520&subj_code_in=CHEM&crse_numb_in=232&crn_in=10111&seq_numb_in=B01')","ClassExam(letter='D.', link='https://weblprod1.wheatonma.edu/PROD/bzcrschd.P_DispExamInfo?exam_code=D.&course=CHEM-232 B01&term_code=201520&term_desc=Spring 2015&crn=10111')",Aqueous Equilibria,10111,['M W F 11:30 AM - 12:20 PM'],['Science Center AUD'],"[ClassInstructor(name='Evans, Matthew J.', link='https://wheatoncollege.edu/academics/faculty-directory/Matthew-Evans/')]",,DVNS,ARNS,[],https://www.bkstr.com/webapp/wcs/stores/servlet/booklookServlet?bookstore_id-1=525&term_id-1=Spring+2015&div-1=&dept-1=CHEM&course-1=232&section-1=B01,"SeatInfo(max='Max Enroll: 30', taken='Max Enroll: 30', avail='Max Enroll: 30', wait_list='Max Enroll: 30')",Pre-requisites: Chem 153. Lab section must be selected with course. Limited to 60. ,Monday Wednesday Friday 11:30  - 12:20 
98,CHEM,"ClassNumber(num='CHEM-232 B02', link='https://weblprod1.wheatonma.edu/PROD/bzcrschd.P_ViewCourseDescription?term_in=201520&subj_code_in=CHEM&crse_numb_in=232&crn_in=10629&seq_numb_in=B02')","ClassExam(letter='D.', link='https://weblprod1.wheatonma.edu/PROD/bzcrschd.P_DispExamInfo?exam_code=D.&course=CHEM-232 B02&term_code=201520&term_desc=Spring 2015&crn=10629')",Aqueous Equilibria,10629,['M W F 11:30 AM - 12:20 PM'],['Science Center B243'],"[ClassInstructor(name='Muller, Laura J.', link='https://wheatoncollege.edu/academics/faculty-directory/Laura-Muller/')]",,DVNS,ARNS,[],https://www.bkstr.com/webapp/wcs/stores/servlet/booklookServlet?bookstore_id-1=525&term_id-1=Spring+2015&div-1=&dept-1=CHEM&course-1=232&section-1=B02,"SeatInfo(max='Max Enroll: 30', taken='Max Enroll: 30', avail='Max Enroll: 30', wait_list='Max Enroll: 30')",Pre-requisites: Chem 153. Lab section must be selected with course. Limited to 60. ,Monday Wednesday Friday 11:30  - 12:20 
99,CHEM,"ClassNumber(num='CHEM-232 L01', link='https://weblprod1.wheatonma.edu/PROD/bzcrschd.P_ViewCourseDescription?term_in=201520&subj_code_in=CHEM&crse_numb_in=232&crn_in=10112&seq_numb_in=L01')","ClassExam(letter='', link='')",Aqueous Equilibria Lab,10112,['M 2:00 PM - 4:50 PM'],['Mars Center-Science/Technology 3141'],"[ClassInstructor(name='Evans, Matthew J.', link='https://wheatoncollege.edu/academics/faculty-directory/Matthew-Evans/'), ClassInstructor(name='Muller, Laura J.', link='https://wheatoncollege.edu/academics/faculty-directory/Laura-Muller/')]",,,,[],https://www.bkstr.com/webapp/wcs/stores/servlet/booklookServlet?bookstore_id-1=525&term_id-1=Spring+2015&div-1=&dept-1=CHEM&course-1=232&section-1=L01,"SeatInfo(max='Max Enroll: 12', taken='Max Enroll: 12', avail='Max Enroll: 12', wait_list='Max Enroll: 12')",A lecture section must be selected with lab. Limited to 12. ,Monday 2:00  - 4:50 
100,CHEM,"ClassNumber(num='CHEM-232 L02', link='https://weblprod1.wheatonma.edu/PROD/bzcrschd.P_ViewCourseDescription?term_in=201520&subj_code_in=CHEM&crse_numb_in=232&crn_in=10113&seq_numb_in=L02')","ClassExam(letter='', link='')",Aqueous Equilibria Lab,10113,['T 2:00 PM - 4:50 PM'],['Mars Center-Science/Technology 3141'],"[ClassInstructor(name='Evans, Matthew J.', link='https://wheatoncollege.edu/academics/faculty-directory/Matthew-Evans/'), ClassInstructor(name='Muller, Laura J.', link='https://wheatoncollege.edu/academics/faculty-directory/Laura-Muller/')]",,,,[],https://www.bkstr.com/webapp/wcs/stores/servlet/booklookServlet?bookstore_id-1=525&term_id-1=Spring+2015&div-1=&dept-1=CHEM&course-1=232&section-1=L02,"SeatInfo(max='Max Enroll: 12', taken='Max Enroll: 12', avail='Max Enroll: 12', wait_list='Max Enroll: 12')",A lecture section must be selected with lab. Limited to 12. ,Tuesday 2:00  - 4:50 
101,CHEM,"ClassNumber(num='CHEM-232 L03', link='https://weblprod1.wheatonma.edu/PROD/bzcrschd.P_ViewCourseDescription?term_in=201520&subj_code_in=CHEM&crse_numb_in=232&crn_in=10114&seq_numb_in=L03')","ClassExam(letter='', link='')",Aqueous Equilibria Lab,10114,['W 2:00 PM - 4:50 PM'],['Mars Center-Science/Technology 3141'],"[ClassInstructor(name='Evans, Matthew J.', link='https://wheatoncollege.edu/academics/faculty-directory/Matthew-Evans/'), ClassInstructor(name='Muller, Laura J.', link='https://wheatoncollege.edu/academics/faculty-directory/Laura-Muller/')]",,,,[],https://www.bkstr.com/webapp/wcs/stores/servlet/booklookServlet?bookstore_id-1=525&term_id-1=Spring+2015&div-1=&dept-1=CHEM&course-1=232&section-1=L03,"SeatInfo(max='Max Enroll: 12', taken='Max Enroll: 12', avail='Max Enroll: 12', wait_list='Max Enroll: 12')",A lecture section must be selected with lab. Limited to 12. ,Wednesday 2:00  - 4:50 
102,CHEM,"ClassNumber(num='CHEM-232 L04', link='https://weblprod1.wheatonma.edu/PROD/bzcrschd.P_ViewCourseDescription?term_in=201520&subj_code_in=CHEM&crse_numb_in=232&crn_in=10115&seq_numb_in=L04')","ClassExam(letter='', link='')",Aqueous Equilibria Lab,10115,['R 2:00 PM - 4:50 PM'],['Mars Center-Science/Technology 3141'],"[ClassInstructor(name='Evans, Matthew J.', link='https://wheatoncollege.edu/academics/faculty-directory/Matthew-Evans/'), ClassInstructor(name='Muller, Laura J.', link='https://wheatoncollege.edu/academics/faculty-directory/Laura-Muller/')]",,,,[],https://www.bkstr.com/webapp/wcs/stores/servlet/booklookServlet?bookstore_id-1=525&term_id-1=Spring+2015&div-1=&dept-1=CHEM&course-1=232&section-1=L04,"SeatInfo(max='Max Enroll: 12', taken='Max Enroll: 12', avail='Max Enroll: 12', wait_list='Max Enroll: 12')",A lecture section must be selected with lab.  Limited to 12. ,Thursday 2:00  - 4:50 
103,CHEM,"ClassNumber(num='CHEM-232 L05', link='https://weblprod1.wheatonma.edu/PROD/bzcrschd.P_ViewCourseDescription?term_in=201520&subj_code_in=CHEM&crse_numb_in=232&crn_in=10116&seq_numb_in=L05')","ClassExam(letter='', link='')",Aqueous Equilibria Lab,10116,['M 6:00 PM - 8:50 PM'],['Mars Center-Science/Technology 3141'],"[ClassInstructor(name='Evans, Matthew J.', link='https://wheatoncollege.edu/academics/faculty-directory/Matthew-Evans/'), ClassInstructor(name='Muller, Laura J.', link='https://wheatoncollege.edu/academics/faculty-directory/Laura-Muller/')]",,,,[],https://www.bkstr.com/webapp/wcs/stores/servlet/booklookServlet?bookstore_id-1=525&term_id-1=Spring+2015&div-1=&dept-1=CHEM&course-1=232&section-1=L05,"SeatInfo(max='Max Enroll: 12', taken='Max Enroll: 12', avail='Max Enroll: 12', wait_list='Max Enroll: 12')",A lecture section must be selected with lab. Limited to 12. ,Monday 6:00  - 8:50 
104,CHEM,"ClassNumber(num='CHEM-253 B01', link='https://weblprod1.wheatonma.edu/PROD/bzcrschd.P_ViewCourseDescription?term_in=201520&subj_code_in=CHEM&crse_numb_in=253&crn_in=10117&seq_numb_in=B01')","ClassExam(letter='B.', link='https://weblprod1.wheatonma.edu/PROD/bzcrschd.P_DispExamInfo?exam_code=B.&course=CHEM-253 B01&term_code=201520&term_desc=Spring 2015&crn=10117')",Organic Chemistry I,10117,['M W F 9:30 AM - 10:20 AM'],['Science Center AUD'],"[ClassInstructor(name='Lane, Nancy S.', link='https://wheatoncollege.edu/academics/faculty-directory/Nancy-Lane/')]",,DVNS,ARNS,[],https://www.bkstr.com/webapp/wcs/stores/servlet/booklookServlet?bookstore_id-1=525&term_id-1=Spring+2015&div-1=&dept-1=CHEM&course-1=253&section-1=B01,"SeatInfo(max='Max Enroll: 53', taken='Max Enroll: 53', avail='Max Enroll: 53', wait_list='Max Enroll: 53')",Prerequisites: CHEM 153. A lab section must be selected with the course. ,Monday Wednesday Friday 9:30  - 10:20 
105,CHEM,"ClassNumber(num='CHEM-253 B02', link='https://weblprod1.wheatonma.edu/PROD/bzcrschd.P_ViewCourseDescription?term_in=201520&subj_code_in=CHEM&crse_numb_in=253&crn_in=10602&seq_numb_in=B02')","ClassExam(letter='B.', link='https://weblprod1.wheatonma.edu/PROD/bzcrschd.P_DispExamInfo?exam_code=B.&course=CHEM-253 B02&term_code=201520&term_desc=Spring 2015&crn=10602')",Organic Chemistry I,10602,['M W F 9:30 AM - 10:20 AM'],['Science Center B246'],"[ClassInstructor(name='Gaudet, Hilary T.', link='https://wheatoncollege.edu/academics/faculty-directory/hilary-magruder-gaudet/')]",,DVNS,ARNS,[],https://www.bkstr.com/webapp/wcs/stores/servlet/booklookServlet?bookstore_id-1=525&term_id-1=Spring+2015&div-1=&dept-1=CHEM&course-1=253&section-1=B02,"SeatInfo(max='Max Enroll: 52', taken='Max Enroll: 52', avail='Max Enroll: 52', wait_list='Max Enroll: 52')",Prerequisites: CHEM 153. A lab section must be selected with the course. ,Monday Wednesday Friday 9:30  - 10:20 
106,CHEM,"ClassNumber(num='CHEM-253 L01', link='https://weblprod1.wheatonma.edu/PROD/bzcrschd.P_ViewCourseDescription?term_in=201520&subj_code_in=CHEM&crse_numb_in=253&crn_in=10118&seq_numb_in=L01')","ClassExam(letter='', link='')",Organic Chemistry I Lab,10118,['M 2:00 PM - 5:50 PM'],['Mars Center-Science/Technology 3143'],"[ClassInstructor(name='Lane, Nancy S.', link='https://wheatoncollege.edu/academics/faculty-directory/Nancy-Lane/'), ClassInstructor(name='Gaudet, Hilary T.', link='https://wheatoncollege.edu/academics/faculty-directory/hilary-magruder-gaudet/')]",,,,[],https://www.bkstr.com/webapp/wcs/stores/servlet/booklookServlet?bookstore_id-1=525&term_id-1=Spring+2015&div-1=&dept-1=CHEM&course-1=253&section-1=L01,"SeatInfo(max='Max Enroll: 15', taken='Max Enroll: 15', avail='Max Enroll: 15', wait_list='Max Enroll: 15')",A lecture section must be selected with lab. Limited to 15. ,Monday 2:00  - 5:50 
107,CHEM,"ClassNumber(num='CHEM-253 L02', link='https://weblprod1.wheatonma.edu/PROD/bzcrschd.P_ViewCourseDescription?term_in=201520&subj_code_in=CHEM&crse_numb_in=253&crn_in=10119&seq_numb_in=L02')","ClassExam(letter='', link='')",Organic Chemistry I Lab,10119,['T 2:00 PM - 5:50 PM'],['Mars Center-Science/Technology 3143'],"[ClassInstructor(name='Lane, Nancy S.', link='https://wheatoncollege.edu/academics/faculty-directory/Nancy-Lane/'), ClassInstructor(name='Gaudet, Hilary T.', link='https://wheatoncollege.edu/academics/faculty-directory/hilary-magruder-gaudet/')]",,,,[],https://www.bkstr.com/webapp/wcs/stores/servlet/booklookServlet?bookstore_id-1=525&term_id-1=Spring+2015&div-1=&dept-1=CHEM&course-1=253&section-1=L02,"SeatInfo(max='Max Enroll: 15', taken='Max Enroll: 15', avail='Max Enroll: 15', wait_list='Max Enroll: 15')",A lecture section must be selected with lab. Limited to 15. ,Tuesday 2:00  - 5:50 
108,CHEM,"ClassNumber(num='CHEM-253 L03', link='https://weblprod1.wheatonma.edu/PROD/bzcrschd.P_ViewCourseDescription?term_in=201520&subj_code_in=CHEM&crse_numb_in=253&crn_in=10120&seq_numb_in=L03')","ClassExam(letter='', link='')",Organic Chemistry I Lab,10120,['W 2:00 PM - 5:50 PM'],['Mars Center-Science/Technology 3143'],"[ClassInstructor(name='Lane, Nancy S.', link='https://wheatoncollege.edu/academics/faculty-directory/Nancy-Lane/'), ClassInstructor(name='Gaudet, Hilary T.', link='https://wheatoncollege.edu/academics/faculty-directory/hilary-magruder-gaudet/')]",,,,[],https://www.bkstr.com/webapp/wcs/stores/servlet/booklookServlet?bookstore_id-1=525&term_id-1=Spring+2015&div-1=&dept-1=CHEM&course-1=253&section-1=L03,"SeatInfo(max='Max Enroll: 15', taken='Max Enroll: 15', avail='Max Enroll: 15', wait_list='Max Enroll: 15')",A lecture section must be selected with lab. Limited to 15. ,Wednesday 2:00  - 5:50 
109,CHEM,"ClassNumber(num='CHEM-253 L04', link='https://weblprod1.wheatonma.edu/PROD/bzcrschd.P_ViewCourseDescription?term_in=201520&subj_code_in=CHEM&crse_numb_in=253&crn_in=10121&seq_numb_in=L04')","ClassExam(letter='', link='')",Organic Chemistry I Lab,10121,['R 2:00 PM - 5:50 PM'],['Mars Center-Science/Technology 3143'],"[ClassInstructor(name='Lane, Nancy S.', link='https://wheatoncollege.edu/academics/faculty-directory/Nancy-Lane/'), ClassInstructor(name='Gaudet, Hilary T.', link='https://wheatoncollege.edu/academics/faculty-directory/hilary-magruder-gaudet/')]",,,,[],https://www.bkstr.com/webapp/wcs/stores/servlet/booklookServlet?bookstore_id-1=525&term_id-1=Spring+2015&div-1=&dept-1=CHEM&course-1=253&section-1=L04,"SeatInfo(max='Max Enroll: 15', taken='Max Enroll: 15', avail='Max Enroll: 15', wait_list='Max Enroll: 15')",A lecture section must be selected with lab. Limited to 15. ,Thursday 2:00  - 5:50 
110,CHEM,"ClassNumber(num='CHEM-253 L05', link='https://weblprod1.wheatonma.edu/PROD/bzcrschd.P_ViewCourseDescription?term_in=201520&subj_code_in=CHEM&crse_numb_in=253&crn_in=10122&seq_numb_in=L05')","ClassExam(letter='', link='')",Organic Chemistry I Lab,10122,['M 6:00 PM - 9:50 PM'],['Mars Center-Science/Technology 3143'],"[ClassInstructor(name='Lane, Nancy S.', link='https://wheatoncollege.edu/academics/faculty-directory/Nancy-Lane/'), ClassInstructor(name='Gaudet, Hilary T.', link='https://wheatoncollege.edu/academics/faculty-directory/hilary-magruder-gaudet/')]",,,,[],https://www.bkstr.com/webapp/wcs/stores/servlet/booklookServlet?bookstore_id-1=525&term_id-1=Spring+2015&div-1=&dept-1=CHEM&course-1=253&section-1=L05,"SeatInfo(max='Max Enroll: 15', taken='Max Enroll: 15', avail='Max Enroll: 15', wait_list='Max Enroll: 15')",A lecture section must be selected with lab. Limited to 15. ,Monday 6:00  - 9:50 
111,CHEM,"ClassNumber(num='CHEM-261 B', link='https://weblprod1.wheatonma.edu/PROD/bzcrschd.P_ViewCourseDescription?term_in=201520&subj_code_in=CHEM&crse_numb_in=261&crn_in=10125&seq_numb_in=B')","ClassExam(letter='D.', link='https://weblprod1.wheatonma.edu/PROD/bzcrschd.P_DispExamInfo?exam_code=D.&course=CHEM-261 B&term_code=201520&term_desc=Spring 2015&crn=10125')",Inorganic Chemistry,10125,['M W F 11:30 AM - 12:20 PM'],['Mars Center-Science/Technology 3120'],"[ClassInstructor(name='Kalberg, Christopher S.', link='https://wheatoncollege.edu/academics/faculty-directory/Christopher-Kalberg/')]",,DVNS,ARNS,[],https://www.bkstr.com/webapp/wcs/stores/servlet/booklookServlet?bookstore_id-1=525&term_id-1=Spring+2015&div-1=&dept-1=CHEM&course-1=261&section-1=B,"SeatInfo(max='Max Enroll: 12', taken='Max Enroll: 12', avail='Max Enroll: 12', wait_list='Max Enroll: 12')",Prerequisite: CHEM 153. A lab section must be selected with the course.  Limited to 12. ,Monday Wednesday Friday 11:30  - 12:20 
112,CHEM,"ClassNumber(num='CHEM-261 L', link='https://weblprod1.wheatonma.edu/PROD/bzcrschd.P_ViewCourseDescription?term_in=201520&subj_code_in=CHEM&crse_numb_in=261&crn_in=10126&seq_numb_in=L')","ClassExam(letter='', link='')",Inorganic Chemistry Lab,10126,['R 2:00 PM - 5:50 PM'],['Mars Center-Science/Technology 3145'],"[ClassInstructor(name='Kalberg, Christopher S.', link='https://wheatoncollege.edu/academics/faculty-directory/Christopher-Kalberg/')]",,,,[],https://www.bkstr.com/webapp/wcs/stores/servlet/booklookServlet?bookstore_id-1=525&term_id-1=Spring+2015&div-1=&dept-1=CHEM&course-1=261&section-1=L,"SeatInfo(max='Max Enroll: 12', taken='Max Enroll: 12', avail='Max Enroll: 12', wait_list='Max Enroll: 12')",A lecture section must be selected with lab. Limited to 12. ,Thursday 2:00  - 5:50 
113,CHEM,"ClassNumber(num='CHEM-299 B01', link='https://weblprod1.wheatonma.edu/PROD/bzcrschd.P_ViewCourseDescription?term_in=201520&subj_code_in=CHEM&crse_numb_in=299&crn_in=10586&seq_numb_in=B01')","ClassExam(letter='J.', link='https://weblprod1.wheatonma.edu/PROD/bzcrschd.P_DispExamInfo?exam_code=J.&course=CHEM-299 B01&term_code=201520&term_desc=Spring 2015&crn=10586')",Independent Study,10586,['TBA'],['Location info TBA'],"[ClassInstructor(name='Buthelezi, Maria T.', link='https://wheatoncollege.edu/academics/faculty-directory/m-thandi-buthelezi/')]",,,,[],https://www.bkstr.com/webapp/wcs/stores/servlet/booklookServlet?bookstore_id-1=525&term_id-1=Spring+2015&div-1=&dept-1=CHEM&course-1=299&section-1=B01,"SeatInfo(max='Max Enroll: 1', taken='Max Enroll: 1', avail='Max Enroll: 1', wait_list='Max Enroll: 1')",Permission of Instructor. ,
114,CHEM,"ClassNumber(num='CHEM-299 B02', link='https://weblprod1.wheatonma.edu/PROD/bzcrschd.P_ViewCourseDescription?term_in=201520&subj_code_in=CHEM&crse_numb_in=299&crn_in=10668&seq_numb_in=B02')","ClassExam(letter='J.', link='https://weblprod1.wheatonma.edu/PROD/bzcrschd.P_DispExamInfo?exam_code=J.&course=CHEM-299 B02&term_code=201520&term_desc=Spring 2015&crn=10668')",Independent Study,10668,['TBA'],['Location info TBA'],"[ClassInstructor(name='Gaudet, Hilary T.', link='https://wheatoncollege.edu/academics/faculty-directory/hilary-magruder-gaudet/')]",,,,[],https://www.bkstr.com/webapp/wcs/stores/servlet/booklookServlet?bookstore_id-1=525&term_id-1=Spring+2015&div-1=&dept-1=CHEM&course-1=299&section-1=B02,"SeatInfo(max='Max Enroll: 1', taken='Max Enroll: 1', avail='Max Enroll: 1', wait_list='Max Enroll: 1')",Permission of Instructor. ,
115,CHEM,"ClassNumber(num='CHEM-305 B', link='https://weblprod1.wheatonma.edu/PROD/bzcrschd.P_ViewCourseDescription?term_in=201520&subj_code_in=CHEM&crse_numb_in=305&crn_in=10551&seq_numb_in=B')","ClassExam(letter='I.', link='https://weblprod1.wheatonma.edu/PROD/bzcrschd.P_DispExamInfo?exam_code=I.&course=CHEM-305 B&term_code=201520&term_desc=Spring 2015&crn=10551')",Biochemistry,10551,['T R 12:30 PM - 1:50 PM'],['Science Center B350'],"[ClassInstructor(name='Lanni, Jennifer S.', link='https://wheatoncollege.edu/academics/faculty-directory/Jennifer-Lanni/')]",,DVNS,ARNS,[],https://www.bkstr.com/webapp/wcs/stores/servlet/booklookServlet?bookstore_id-1=525&term_id-1=Spring+2015&div-1=&dept-1=CHEM&course-1=305&section-1=B,"SeatInfo(max='Max Enroll: 0', taken='Max Enroll: 0', avail='Max Enroll: 0', wait_list='Max Enroll: 0')","Register under BIO 305. Prerequisites: Permission of Instructor and BIO 112, CHEM 253, CHEM 254, and any of the following: BIO 211 or BIO 219 or BIO 221 or BIO 254. A lab section must be selected with lecture. Limited to 16. ",Tuesday Thursday 12:30  - 1:50 
116,CHEM,"ClassNumber(num='CHEM-332 B', link='https://weblprod1.wheatonma.edu/PROD/bzcrschd.P_ViewCourseDescription?term_in=201520&subj_code_in=CHEM&crse_numb_in=332&crn_in=10127&seq_numb_in=B')","ClassExam(letter='S.', link='https://weblprod1.wheatonma.edu/PROD/bzcrschd.P_DispExamInfo?exam_code=S.&course=CHEM-332 B&term_code=201520&term_desc=Spring 2015&crn=10127')",Instrumental Analysis,10127,['M W F 9:30 AM - 10:20 AM'],['Mars Center-Science/Technology 3120'],"[ClassInstructor(name='Evans, Matthew J.', link='https://wheatoncollege.edu/academics/faculty-directory/Matthew-Evans/')]",,DVNS,ARNS,"[ClassConx(num='2044', link='https://weblprod1.wheatonma.edu/PROD/bzcrschd.P_ViewCourseDescription?term_in=201520&subj_code_in=CONX&crse_numb_in=20044&crn_in=&seq_numb_in=')]",https://www.bkstr.com/webapp/wcs/stores/servlet/booklookServlet?bookstore_id-1=525&term_id-1=Spring+2015&div-1=&dept-1=CHEM&course-1=332&section-1=B,"SeatInfo(max='Max Enroll: 20', taken='Max Enroll: 20', avail='Max Enroll: 20', wait_list='Max Enroll: 20')",Prerequisites:  CHEM 232 or CHEM 331. Lab section must be selected with the course. Limited to 20. ,Monday Wednesday Friday 9:30  - 10:20 
117,CHEM,"ClassNumber(num='CHEM-332 L', link='https://weblprod1.wheatonma.edu/PROD/bzcrschd.P_ViewCourseDescription?term_in=201520&subj_code_in=CHEM&crse_numb_in=332&crn_in=10128&seq_numb_in=L')","ClassExam(letter='', link='')",Instrumental Analysis Lab,10128,['M 2:00 PM - 5:50 PM'],['Mars Center-Science/Technology 3120'],"[ClassInstructor(name='Ellis, Paul C.', link='https://wheatoncollege.edu/academics/faculty-directory/Paul-Ellis/')]",,,,[],https://www.bkstr.com/webapp/wcs/stores/servlet/booklookServlet?bookstore_id-1=525&term_id-1=Spring+2015&div-1=&dept-1=CHEM&course-1=332&section-1=L,"SeatInfo(max='Max Enroll: 20', taken='Max Enroll: 20', avail='Max Enroll: 20', wait_list='Max Enroll: 20')",A lecture section must be selected with lab. Limited to 20. ,Monday 2:00  - 5:50 
118,CHEM,"ClassNumber(num='CHEM-356 B', link='https://weblprod1.wheatonma.edu/PROD/bzcrschd.P_ViewCourseDescription?term_in=201520&subj_code_in=CHEM&crse_numb_in=356&crn_in=10129&seq_numb_in=B')","ClassExam(letter='R.', link='https://weblprod1.wheatonma.edu/PROD/bzcrschd.P_DispExamInfo?exam_code=R.&course=CHEM-356 B&term_code=201520&term_desc=Spring 2015&crn=10129')",Quantum Chemistry,10129,['M W F 10:30 AM - 11:20 AM'],['Mars Center-Science/Technology 3120'],"[ClassInstructor(name='Buthelezi, Maria T.', link='https://wheatoncollege.edu/academics/faculty-directory/m-thandi-buthelezi/')]",,DVNS,ARNS,"[ClassConx(num='2045', link='https://weblprod1.wheatonma.edu/PROD/bzcrschd.P_ViewCourseDescription?term_in=201520&subj_code_in=CONX&crse_numb_in=20045&crn_in=&seq_numb_in=')]",https://www.bkstr.com/webapp/wcs/stores/servlet/booklookServlet?bookstore_id-1=525&term_id-1=Spring+2015&div-1=&dept-1=CHEM&course-1=356&section-1=B,"SeatInfo(max='Max Enroll: 20', taken='Max Enroll: 20', avail='Max Enroll: 20', wait_list='Max Enroll: 20')",Prerequisite: CHEM 232 and MATH 104. Lab section must be selected with the course. Limited to 20. ,Monday Wednesday Friday 10:30  - 11:20 
119,CHEM,"ClassNumber(num='CHEM-356 L01', link='https://weblprod1.wheatonma.edu/PROD/bzcrschd.P_ViewCourseDescription?term_in=201520&subj_code_in=CHEM&crse_numb_in=356&crn_in=10130&seq_numb_in=L01')","ClassExam(letter='', link='')",Quantum Chemistry Lab,10130,['T 2:00 PM - 5:50 PM'],['Mars Center-Science/Technology 3147'],"[ClassInstructor(name='Buthelezi, Maria T.', link='https://wheatoncollege.edu/academics/faculty-directory/m-thandi-buthelezi/')]",,,,[],https://www.bkstr.com/webapp/wcs/stores/servlet/booklookServlet?bookstore_id-1=525&term_id-1=Spring+2015&div-1=&dept-1=CHEM&course-1=356&section-1=L01,"SeatInfo(max='Max Enroll: 10', taken='Max Enroll: 10', avail='Max Enroll: 10', wait_list='Max Enroll: 10')",A lecture section must be selected with lab. Limited to 10. ,Tuesday 2:00  - 5:50 
120,CHEM,"ClassNumber(num='CHEM-356 L02', link='https://weblprod1.wheatonma.edu/PROD/bzcrschd.P_ViewCourseDescription?term_in=201520&subj_code_in=CHEM&crse_numb_in=356&crn_in=10131&seq_numb_in=L02')","ClassExam(letter='', link='')",Quantum Chemistry Lab,10131,['W 2:00 PM - 5:50 PM'],['Mars Center-Science/Technology 3147'],"[ClassInstructor(name='Buthelezi, Maria T.', link='https://wheatoncollege.edu/academics/faculty-directory/m-thandi-buthelezi/')]",,,,[],https://www.bkstr.com/webapp/wcs/stores/servlet/booklookServlet?bookstore_id-1=525&term_id-1=Spring+2015&div-1=&dept-1=CHEM&course-1=356&section-1=L02,"SeatInfo(max='Max Enroll: 10', taken='Max Enroll: 10', avail='Max Enroll: 10', wait_list='Max Enroll: 10')",A lecture section must be selected with lab. Limited to 10. ,Wednesday 2:00  - 5:50 
121,CHEM,"ClassNumber(num='CHEM-399 B01', link='https://weblprod1.wheatonma.edu/PROD/bzcrschd.P_ViewCourseDescription?term_in=201520&subj_code_in=CHEM&crse_numb_in=399&crn_in=10560&seq_numb_in=B01')","ClassExam(letter='J.', link='https://weblprod1.wheatonma.edu/PROD/bzcrschd.P_DispExamInfo?exam_code=J.&course=CHEM-399 B01&term_code=201520&term_desc=Spring 2015&crn=10560')",Independent Study,10560,['TBA'],['Location info TBA'],"[ClassInstructor(name='Kalberg, Christopher S.', link='https://wheatoncollege.edu/academics/faculty-directory/Christopher-Kalberg/')]",,,,[],https://www.bkstr.com/webapp/wcs/stores/servlet/booklookServlet?bookstore_id-1=525&term_id-1=Spring+2015&div-1=&dept-1=CHEM&course-1=399&section-1=B01,"SeatInfo(max='Max Enroll: 2', taken='Max Enroll: 2', avail='Max Enroll: 2', wait_list='Max Enroll: 2')",Permission of Instructor. ,
122,CHEM,"ClassNumber(num='CHEM-399 B02', link='https://weblprod1.wheatonma.edu/PROD/bzcrschd.P_ViewCourseDescription?term_in=201520&subj_code_in=CHEM&crse_numb_in=399&crn_in=10643&seq_numb_in=B02')","ClassExam(letter='J.', link='https://weblprod1.wheatonma.edu/PROD/bzcrschd.P_DispExamInfo?exam_code=J.&course=CHEM-399 B02&term_code=201520&term_desc=Spring 2015&crn=10643')",Independent Study,10643,['TBA'],['Location info TBA'],"[ClassInstructor(name='Gaudet, Hilary T.', link='https://wheatoncollege.edu/academics/faculty-directory/hilary-magruder-gaudet/')]",,,,[],https://www.bkstr.com/webapp/wcs/stores/servlet/booklookServlet?bookstore_id-1=525&term_id-1=Spring+2015&div-1=&dept-1=CHEM&course-1=399&section-1=B02,"SeatInfo(max='Max Enroll: 1', taken='Max Enroll: 1', avail='Max Enroll: 1', wait_list='Max Enroll: 1')",Permission of Instructor. ,
123,CHEM,"ClassNumber(num='CHEM-400 B', link='https://weblprod1.wheatonma.edu/PROD/bzcrschd.P_ViewCourseDescription?term_in=201520&subj_code_in=CHEM&crse_numb_in=400&crn_in=10132&seq_numb_in=B')","ClassExam(letter='S.', link='https://weblprod1.wheatonma.edu/PROD/bzcrschd.P_DispExamInfo?exam_code=S.&course=CHEM-400 B&term_code=201520&term_desc=Spring 2015&crn=10132')",Seminar,10132,['M W 12:30 PM - 1:50 PM'],['Mars Center-Science/Technology 3120'],"[ClassInstructor(name='Pastra-Landis, Styliani', link='https://wheatoncollege.edu/academics/faculty-directory/elita-pastra-landis/')]",,,,[],https://www.bkstr.com/webapp/wcs/stores/servlet/booklookServlet?bookstore_id-1=525&term_id-1=Spring+2015&div-1=&dept-1=CHEM&course-1=400&section-1=B,"SeatInfo(max='Max Enroll: 20', taken='Max Enroll: 20', avail='Max Enroll: 20', wait_list='Max Enroll: 20')",Limited to 20. ,Monday Wednesday 12:30  - 1:50 
124,CHEM,"ClassNumber(num='CHEM-405 B', link='https://weblprod1.wheatonma.edu/PROD/bzcrschd.P_ViewCourseDescription?term_in=201520&subj_code_in=CHEM&crse_numb_in=405&crn_in=10133&seq_numb_in=B')","ClassExam(letter='S.', link='https://weblprod1.wheatonma.edu/PROD/bzcrschd.P_DispExamInfo?exam_code=S.&course=CHEM-405 B&term_code=201520&term_desc=Spring 2015&crn=10133')",Topics in Biochemistry,10133,['M W F 11:30 AM - 12:20 PM'],['Science Center A209'],"[ClassInstructor(name='Pastra-Landis, Styliani', link='https://wheatoncollege.edu/academics/faculty-directory/elita-pastra-landis/')]",,DVNS,ARNS,[],https://www.bkstr.com/webapp/wcs/stores/servlet/booklookServlet?bookstore_id-1=525&term_id-1=Spring+2015&div-1=&dept-1=CHEM&course-1=405&section-1=B,"SeatInfo(max='Max Enroll: 999', taken='Max Enroll: 999', avail='Max Enroll: 999', wait_list='Max Enroll: 999')",Cross-listed with BIO 405.  Prerequisites: CHEM 254 and BIO 305 or CHEM 305. ,Monday Wednesday Friday 11:30  - 12:20 
125,CHEM,"ClassNumber(num='CHEM-499 B01', link='https://weblprod1.wheatonma.edu/PROD/bzcrschd.P_ViewCourseDescription?term_in=201520&subj_code_in=CHEM&crse_numb_in=499&crn_in=10733&seq_numb_in=B01')","ClassExam(letter='J.', link='https://weblprod1.wheatonma.edu/PROD/bzcrschd.P_DispExamInfo?exam_code=J.&course=CHEM-499 B01&term_code=201520&term_desc=Spring 2015&crn=10733')",Independent Research,10733,['TBA'],['Location info TBA'],"[ClassInstructor(name='Benoit, Janina M.', link='https://wheatoncollege.edu/academics/faculty-directory/jani-benoit/')]",,,,[],https://www.bkstr.com/webapp/wcs/stores/servlet/booklookServlet?bookstore_id-1=525&term_id-1=Spring+2015&div-1=&dept-1=CHEM&course-1=499&section-1=B01,"SeatInfo(max='Max Enroll: 1', taken='Max Enroll: 1', avail='Max Enroll: 1', wait_list='Max Enroll: 1')",Permission of Instructor.  Research under the direction of individual department members for two semester course credits.  A thesis is required. ,
126,CHEM,"ClassNumber(num='CHEM-500 D01', link='https://weblprod1.wheatonma.edu/PROD/bzcrschd.P_ViewCourseDescription?term_in=201520&subj_code_in=CHEM&crse_numb_in=500&crn_in=10555&seq_numb_in=D01')","ClassExam(letter='J.', link='https://weblprod1.wheatonma.edu/PROD/bzcrschd.P_DispExamInfo?exam_code=J.&course=CHEM-500 D01&term_code=201520&term_desc=Spring 2015&crn=10555')",Individual Research,10555,['TBA'],['Location info TBA'],"[ClassInstructor(name='Gaudet, Hilary T.', link='https://wheatoncollege.edu/academics/faculty-directory/hilary-magruder-gaudet/')]",,,,[],https://www.bkstr.com/webapp/wcs/stores/servlet/booklookServlet?bookstore_id-1=525&term_id-1=Spring+2015&div-1=&dept-1=CHEM&course-1=500&section-1=D01,"SeatInfo(max='Max Enroll: 1', taken='Max Enroll: 1', avail='Max Enroll: 1', wait_list='Max Enroll: 1')",Permission of Instructor.  Research under the direction of individual department members for two semester course credits.  A thesis is required.  B+ average in the Chemistry major is required. ,
127,CHEM,"ClassNumber(num='CHEM-500 D02', link='https://weblprod1.wheatonma.edu/PROD/bzcrschd.P_ViewCourseDescription?term_in=201520&subj_code_in=CHEM&crse_numb_in=500&crn_in=10556&seq_numb_in=D02')","ClassExam(letter='J.', link='https://weblprod1.wheatonma.edu/PROD/bzcrschd.P_DispExamInfo?exam_code=J.&course=CHEM-500 D02&term_code=201520&term_desc=Spring 2015&crn=10556')",Individual Research,10556,['TBA'],['Location info TBA'],"[ClassInstructor(name='Buthelezi, Maria T.', link='https://wheatoncollege.edu/academics/faculty-directory/m-thandi-buthelezi/')]",,DVNS,ARNS,[],https://www.bkstr.com/webapp/wcs/stores/servlet/booklookServlet?bookstore_id-1=525&term_id-1=Spring+2015&div-1=&dept-1=CHEM&course-1=500&section-1=D02,"SeatInfo(max='Max Enroll: 2', taken='Max Enroll: 2', avail='Max Enroll: 2', wait_list='Max Enroll: 2')",Permission of Instructor.  Research under the direction of individual department members for two semester course credits.  A thesis is required.  B+ average in the Chemistry major is required. ,
128,CHEM,"ClassNumber(num='CHEM-500 D03', link='https://weblprod1.wheatonma.edu/PROD/bzcrschd.P_ViewCourseDescription?term_in=201520&subj_code_in=CHEM&crse_numb_in=500&crn_in=10617&seq_numb_in=D03')","ClassExam(letter='J.', link='https://weblprod1.wheatonma.edu/PROD/bzcrschd.P_DispExamInfo?exam_code=J.&course=CHEM-500 D03&term_code=201520&term_desc=Spring 2015&crn=10617')",Individual Research,10617,['TBA'],['Location info TBA'],"[ClassInstructor(name='Evans, Matthew J.', link='https://wheatoncollege.edu/academics/faculty-directory/Matthew-Evans/')]",,DVNS,ARNS,[],https://www.bkstr.com/webapp/wcs/stores/servlet/booklookServlet?bookstore_id-1=525&term_id-1=Spring+2015&div-1=&dept-1=CHEM&course-1=500&section-1=D03,"SeatInfo(max='Max Enroll: 1', taken='Max Enroll: 1', avail='Max Enroll: 1', wait_list='Max Enroll: 1')",Permission of Instructor.  Research under the direction of individual department members for two semester course credits.  A thesis is required.  B+ average in the Chemistry major is required. ,
129,CHEM,"ClassNumber(num='CHEM-500 D04', link='https://weblprod1.wheatonma.edu/PROD/bzcrschd.P_ViewCourseDescription?term_in=201520&subj_code_in=CHEM&crse_numb_in=500&crn_in=10664&seq_numb_in=D04')","ClassExam(letter='J.', link='https://weblprod1.wheatonma.edu/PROD/bzcrschd.P_DispExamInfo?exam_code=J.&course=CHEM-500 D04&term_code=201520&term_desc=Spring 2015&crn=10664')",Individual Research,10664,['TBA'],['Location info TBA'],"[ClassInstructor(name='Muller, Laura J.', link='https://wheatoncollege.edu/academics/faculty-directory/Laura-Muller/')]",,DVNS,ARNS,[],https://www.bkstr.com/webapp/wcs/stores/servlet/booklookServlet?bookstore_id-1=525&term_id-1=Spring+2015&div-1=&dept-1=CHEM&course-1=500&section-1=D04,"SeatInfo(max='Max Enroll: 1', taken='Max Enroll: 1', avail='Max Enroll: 1', wait_list='Max Enroll: 1')",Permission of Instructor.  Research under the direction of individual department members for two semester course credits.  A thesis is required.  B+ average in the Chemistry major is required. ,
130,CHEM,"ClassNumber(num='CHEM-500 D05', link='https://weblprod1.wheatonma.edu/PROD/bzcrschd.P_ViewCourseDescription?term_in=201520&subj_code_in=CHEM&crse_numb_in=500&crn_in=10685&seq_numb_in=D05')","ClassExam(letter='J.', link='https://weblprod1.wheatonma.edu/PROD/bzcrschd.P_DispExamInfo?exam_code=J.&course=CHEM-500 D05&term_code=201520&term_desc=Spring 2015&crn=10685')",Individual Research,10685,['TBA'],['Location info TBA'],"[ClassInstructor(name='Benoit, Janina M.', link='https://wheatoncollege.edu/academics/faculty-directory/jani-benoit/')]",,DVNS,ARNS,[],https://www.bkstr.com/webapp/wcs/stores/servlet/booklookServlet?bookstore_id-1=525&term_id-1=Spring+2015&div-1=&dept-1=CHEM&course-1=500&section-1=D05,"SeatInfo(max='Max Enroll: 1', taken='Max Enroll: 1', avail='Max Enroll: 1', wait_list='Max Enroll: 1')",Permission of Instructor.  Research under the direction of individual department members for two semester course credits.  A thesis is required.  B+ average in the Chemistry major is required. ,
131,CHIN,"ClassNumber(num='CHIN-102 B01', link='https://weblprod1.wheatonma.edu/PROD/bzcrschd.P_ViewCourseDescription?term_in=201520&subj_code_in=CHIN&crse_numb_in=102&crn_in=10386&seq_numb_in=B01')","ClassExam(letter='C.', link='https://weblprod1.wheatonma.edu/PROD/bzcrschd.P_DispExamInfo?exam_code=C.&course=CHIN-102 B01&term_code=201520&term_desc=Spring 2015&crn=10386')",Elementary Chinese II,10386,['M W F 10:30 AM - 11:20 AM'],['Knapton Hall 315'],"[ClassInstructor(name='Wang, Ying', link='https://wheatoncollege.edu/academics/faculty-directory/Ying-Wang/')]",FL,,,[],https://www.bkstr.com/webapp/wcs/stores/servlet/booklookServlet?bookstore_id-1=525&term_id-1=Spring+2015&div-1=&dept-1=CHIN&course-1=102&section-1=B01,"SeatInfo(max='Max Enroll: 20', taken='Max Enroll: 20', avail='Max Enroll: 20', wait_list='Max Enroll: 20')",Limited to 20. ,Monday Wednesday Friday 10:30  - 11:20 
132,CHIN,"ClassNumber(num='CHIN-202 B', link='https://weblprod1.wheatonma.edu/PROD/bzcrschd.P_ViewCourseDescription?term_in=201520&subj_code_in=CHIN&crse_numb_in=202&crn_in=10387&seq_numb_in=B')","ClassExam(letter='B.', link='https://weblprod1.wheatonma.edu/PROD/bzcrschd.P_DispExamInfo?exam_code=B.&course=CHIN-202 B&term_code=201520&term_desc=Spring 2015&crn=10387')",Intermediate Chinese II,10387,['M W F 9:30 AM - 10:20 AM'],['Knapton Hall 315'],"[ClassInstructor(name='Wang, Ying', link='https://wheatoncollege.edu/academics/faculty-directory/Ying-Wang/')]",FL,,,[],https://www.bkstr.com/webapp/wcs/stores/servlet/booklookServlet?bookstore_id-1=525&term_id-1=Spring+2015&div-1=&dept-1=CHIN&course-1=202&section-1=B,"SeatInfo(max='Max Enroll: 20', taken='Max Enroll: 20', avail='Max Enroll: 20', wait_list='Max Enroll: 20')",Limited to 20. ,Monday Wednesday Friday 9:30  - 10:20 
133,CHIN,"ClassNumber(num='CHIN-399 B01', link='https://weblprod1.wheatonma.edu/PROD/bzcrschd.P_ViewCourseDescription?term_in=201520&subj_code_in=CHIN&crse_numb_in=399&crn_in=10615&seq_numb_in=B01')","ClassExam(letter='D.', link='https://weblprod1.wheatonma.edu/PROD/bzcrschd.P_DispExamInfo?exam_code=D.&course=CHIN-399 B01&term_code=201520&term_desc=Spring 2015&crn=10615')",Ind Stdy: Advanced Chinese,10615,['M W F 11:30 AM - 12:20 PM'],['Meneely Hall 305'],"[ClassInstructor(name='Wang, Ying', link='https://wheatoncollege.edu/academics/faculty-directory/Ying-Wang/')]",,,,[],https://www.bkstr.com/webapp/wcs/stores/servlet/booklookServlet?bookstore_id-1=525&term_id-1=Spring+2015&div-1=&dept-1=CHIN&course-1=399&section-1=B01,"SeatInfo(max='Max Enroll: 4', taken='Max Enroll: 4', avail='Max Enroll: 4', wait_list='Max Enroll: 4')",Permission of Instructor. ,Monday Wednesday Friday 11:30  - 12:20 
134,CLAS,"ClassNumber(num='CLAS-130 B', link='https://weblprod1.wheatonma.edu/PROD/bzcrschd.P_ViewCourseDescription?term_in=201520&subj_code_in=CLAS&crse_numb_in=130&crn_in=10025&seq_numb_in=B')","ClassExam(letter='O.', link='https://weblprod1.wheatonma.edu/PROD/bzcrschd.P_DispExamInfo?exam_code=O.&course=CLAS-130 B&term_code=201520&term_desc=Spring 2015&crn=10025')",Egypt in the Greco-Roman World,10025,['T R 2:00 PM - 3:20 PM'],['Science Center 1313'],"[ClassInstructor(name='Relihan, Joel C.', link='https://wheatoncollege.edu/academics/faculty-directory/Joel-c-Relihan/')]",,DVAH,,[],https://www.bkstr.com/webapp/wcs/stores/servlet/booklookServlet?bookstore_id-1=525&term_id-1=Spring+2015&div-1=&dept-1=CLAS&course-1=130&section-1=B,"SeatInfo(max='Max Enroll: 999', taken='Max Enroll: 999', avail='Max Enroll: 999', wait_list='Max Enroll: 999')",,Tuesday Thursday 2:00  - 3:20 
135,CLAS,"ClassNumber(num='CLAS-262 B', link='https://weblprod1.wheatonma.edu/PROD/bzcrschd.P_ViewCourseDescription?term_in=201520&subj_code_in=CLAS&crse_numb_in=262&crn_in=10026&seq_numb_in=B')","ClassExam(letter='K.', link='https://weblprod1.wheatonma.edu/PROD/bzcrschd.P_DispExamInfo?exam_code=K.&course=CLAS-262 B&term_code=201520&term_desc=Spring 2015&crn=10026')",Anc Landscape:From Myth to Eco,10026,['M W 2:00 PM - 3:20 PM'],['Meneely Hall 103'],"[ClassInstructor(name='McDonald, Joseph M.', link='https://wheatoncollege.edu/academics/faculty-directory/Joseph-McDonald/')]",,DVAH,,"[ClassConx(num='2071', link='https://weblprod1.wheatonma.edu/PROD/bzcrschd.P_ViewCourseDescription?term_in=201520&subj_code_in=CONX&crse_numb_in=20071&crn_in=&seq_numb_in=')]",https://www.bkstr.com/webapp/wcs/stores/servlet/booklookServlet?bookstore_id-1=525&term_id-1=Spring+2015&div-1=&dept-1=CLAS&course-1=262&section-1=B,"SeatInfo(max='Max Enroll: 999', taken='Max Enroll: 999', avail='Max Enroll: 999', wait_list='Max Enroll: 999')",,Monday Wednesday 2:00  - 3:20 
136,CLAS,"ClassNumber(num='CLAS-298 B01', link='https://weblprod1.wheatonma.edu/PROD/bzcrschd.P_ViewCourseDescription?term_in=201520&subj_code_in=CLAS&crse_numb_in=298&crn_in=10508&seq_numb_in=B01')","ClassExam(letter='P.', link='https://weblprod1.wheatonma.edu/PROD/bzcrschd.P_DispExamInfo?exam_code=P.&course=CLAS-298 B01&term_code=201520&term_desc=Spring 2015&crn=10508')",Archaeology-Bronze Age Greece,10508,['T R 3:30 PM - 4:50 PM'],['Science Center B234'],"[ClassInstructor(name='Trayford, Jeffrey A.', link='https://wheatoncollege.edu/academics/faculty-directory/Jeffrey-Trayford/')]",,,,[],https://www.bkstr.com/webapp/wcs/stores/servlet/booklookServlet?bookstore_id-1=525&term_id-1=Spring+2015&div-1=&dept-1=CLAS&course-1=298&section-1=B01,"SeatInfo(max='Max Enroll: 36', taken='Max Enroll: 36', avail='Max Enroll: 36', wait_list='Max Enroll: 36')","Cross-listed with ANTH 298 B01. Prerequisite for three-week, faculty-led summer course in Greece: Of Minoans and Mycenaeans. Limited to 36. ",Tuesday Thursday 3:30  - 4:50 
137,CLAS,"ClassNumber(num='CLAS-362 B', link='https://weblprod1.wheatonma.edu/PROD/bzcrschd.P_ViewCourseDescription?term_in=201520&subj_code_in=CLAS&crse_numb_in=362&crn_in=10027&seq_numb_in=B')","ClassExam(letter='K.', link='https://weblprod1.wheatonma.edu/PROD/bzcrschd.P_DispExamInfo?exam_code=K.&course=CLAS-362 B&term_code=201520&term_desc=Spring 2015&crn=10027')",Anc Landscape:From Myth to Eco,10027,['M W 2:00 PM - 3:20 PM'],['Meneely Hall 103'],"[ClassInstructor(name='McDonald, Joseph M.', link='https://wheatoncollege.edu/academics/faculty-directory/Joseph-McDonald/')]",,,,"[ClassConx(num='2071', link='https://weblprod1.wheatonma.edu/PROD/bzcrschd.P_ViewCourseDescription?term_in=201520&subj_code_in=CONX&crse_numb_in=20071&crn_in=&seq_numb_in=')]",https://www.bkstr.com/webapp/wcs/stores/servlet/booklookServlet?bookstore_id-1=525&term_id-1=Spring+2015&div-1=&dept-1=CLAS&course-1=362&section-1=B,"SeatInfo(max='Max Enroll: 6', taken='Max Enroll: 6', avail='Max Enroll: 6', wait_list='Max Enroll: 6')",Restricted to Classics and Classical Civilization Majors and  Minors or Permission of instructor.  Limited to 6. ,Monday Wednesday 2:00  - 3:20 
138,COMP,"ClassNumber(num='COMP-115 B', link='https://weblprod1.wheatonma.edu/PROD/bzcrschd.P_ViewCourseDescription?term_in=201520&subj_code_in=COMP&crse_numb_in=115&crn_in=10327&seq_numb_in=B')","ClassExam(letter='K.', link='https://weblprod1.wheatonma.edu/PROD/bzcrschd.P_DispExamInfo?exam_code=K.&course=COMP-115 B&term_code=201520&term_desc=Spring 2015&crn=10327')","Robots, Games, & Prob Solving",10327,['M W 2:00 PM - 3:20 PM'],['Science Center 1349'],"[ClassInstructor(name='Gagne, Martin', link='https://wheatoncollege.edu/academics/faculty-directory/Martin-Gagne/')]",QA,,ARMC,"[ClassConx(num='2016', link='https://weblprod1.wheatonma.edu/PROD/bzcrschd.P_ViewCourseDescription?term_in=201520&subj_code_in=CONX&crse_numb_in=20016&crn_in=&seq_numb_in=')]",https://www.bkstr.com/webapp/wcs/stores/servlet/booklookServlet?bookstore_id-1=525&term_id-1=Spring+2015&div-1=&dept-1=COMP&course-1=115&section-1=B,"SeatInfo(max='Max Enroll: 36', taken='Max Enroll: 36', avail='Max Enroll: 36', wait_list='Max Enroll: 36')",Permission of Instructor. ,Monday Wednesday 2:00  - 3:20 
139,COMP,"ClassNumber(num='COMP-115 L01', link='https://weblprod1.wheatonma.edu/PROD/bzcrschd.P_ViewCourseDescription?term_in=201520&subj_code_in=COMP&crse_numb_in=115&crn_in=10328&seq_numb_in=L01')","ClassExam(letter='', link='')","Robots, Games, & Prob Sol Lab",10328,['W 3:30 PM - 5:20 PM'],['Science Center 1315'],"[ClassInstructor(name='Armstrong, Thomas S.', link='https://wheatoncollege.edu/academics/faculty-directory/tom-armstrong/')]",,,,[],https://www.bkstr.com/webapp/wcs/stores/servlet/booklookServlet?bookstore_id-1=525&term_id-1=Spring+2015&div-1=&dept-1=COMP&course-1=115&section-1=L01,"SeatInfo(max='Max Enroll: 18', taken='Max Enroll: 18', avail='Max Enroll: 18', wait_list='Max Enroll: 18')",Permission of Instructor. ,Wednesday 3:30  - 5:20 
140,COMP,"ClassNumber(num='COMP-115 L02', link='https://weblprod1.wheatonma.edu/PROD/bzcrschd.P_ViewCourseDescription?term_in=201520&subj_code_in=COMP&crse_numb_in=115&crn_in=10329&seq_numb_in=L02')","ClassExam(letter='', link='')","Robots, Games, & Prob Sol Lab",10329,['T 3:30 PM - 5:20 PM'],['Science Center 1349'],"[ClassInstructor(name='Gagne, Martin', link='https://wheatoncollege.edu/academics/faculty-directory/Martin-Gagne/')]",,,,[],https://www.bkstr.com/webapp/wcs/stores/servlet/booklookServlet?bookstore_id-1=525&term_id-1=Spring+2015&div-1=&dept-1=COMP&course-1=115&section-1=L02,"SeatInfo(max='Max Enroll: 18', taken='Max Enroll: 18', avail='Max Enroll: 18', wait_list='Max Enroll: 18')",Permission of Instructor. ,Tuesday 3:30  - 5:20 
141,COMP,"ClassNumber(num='COMP-116 B', link='https://weblprod1.wheatonma.edu/PROD/bzcrschd.P_ViewCourseDescription?term_in=201520&subj_code_in=COMP&crse_numb_in=116&crn_in=10330&seq_numb_in=B')","ClassExam(letter='D.', link='https://weblprod1.wheatonma.edu/PROD/bzcrschd.P_DispExamInfo?exam_code=D.&course=COMP-116 B&term_code=201520&term_desc=Spring 2015&crn=10330')",Data Structures,10330,['M W F 11:30 AM - 12:20 PM'],['Science Center 1349'],"[ClassInstructor(name='Gousie, Michael B.', link='https://wheatoncollege.edu/academics/faculty-directory/Michael-b-Gousie/')]",QA,,ARMC,"[ClassConx(num='2016', link='https://weblprod1.wheatonma.edu/PROD/bzcrschd.P_ViewCourseDescription?term_in=201520&subj_code_in=CONX&crse_numb_in=20016&crn_in=&seq_numb_in=')]",https://www.bkstr.com/webapp/wcs/stores/servlet/booklookServlet?bookstore_id-1=525&term_id-1=Spring+2015&div-1=&dept-1=COMP&course-1=116&section-1=B,"SeatInfo(max='Max Enroll: 30', taken='Max Enroll: 30', avail='Max Enroll: 30', wait_list='Max Enroll: 30')",Permission of Instructor. ,Monday Wednesday Friday 11:30  - 12:20 
142,COMP,"ClassNumber(num='COMP-116 L', link='https://weblprod1.wheatonma.edu/PROD/bzcrschd.P_ViewCourseDescription?term_in=201520&subj_code_in=COMP&crse_numb_in=116&crn_in=10331&seq_numb_in=L')","ClassExam(letter='', link='')",Data Structures Lab,10331,['W 3:30 PM - 5:20 PM'],['Science Center 1349'],"[ClassInstructor(name='Gagne, Martin', link='https://wheatoncollege.edu/academics/faculty-directory/Martin-Gagne/')]",,,,[],https://www.bkstr.com/webapp/wcs/stores/servlet/booklookServlet?bookstore_id-1=525&term_id-1=Spring+2015&div-1=&dept-1=COMP&course-1=116&section-1=L,"SeatInfo(max='Max Enroll: 30', taken='Max Enroll: 30', avail='Max Enroll: 30', wait_list='Max Enroll: 30')",Permission of Instructor. ,Wednesday 3:30  - 5:20 
143,COMP,"ClassNumber(num='COMP-220 B', link='https://weblprod1.wheatonma.edu/PROD/bzcrschd.P_ViewCourseDescription?term_in=201520&subj_code_in=COMP&crse_numb_in=220&crn_in=10519&seq_numb_in=B')","ClassExam(letter='B.', link='https://weblprod1.wheatonma.edu/PROD/bzcrschd.P_DispExamInfo?exam_code=B.&course=COMP-220 B&term_code=201520&term_desc=Spring 2015&crn=10519')",Comp Organiz & Assembly Lang,10519,['M W F 9:30 AM - 10:20 AM'],['Science Center 1315'],"[ClassInstructor(name='Gousie, Michael B.', link='https://wheatoncollege.edu/academics/faculty-directory/Michael-b-Gousie/')]",,,ARMC,"[ClassConx(num='2022', link='https://weblprod1.wheatonma.edu/PROD/bzcrschd.P_ViewCourseDescription?term_in=201520&subj_code_in=CONX&crse_numb_in=20022&crn_in=&seq_numb_in=')]",https://www.bkstr.com/webapp/wcs/stores/servlet/booklookServlet?bookstore_id-1=525&term_id-1=Spring+2015&div-1=&dept-1=COMP&course-1=220&section-1=B,"SeatInfo(max='Max Enroll: 30', taken='Max Enroll: 30', avail='Max Enroll: 30', wait_list='Max Enroll: 30')",Permission of Instructor. ,Monday Wednesday Friday 9:30  - 10:20 
144,COMP,"ClassNumber(num='COMP-220 L', link='https://weblprod1.wheatonma.edu/PROD/bzcrschd.P_ViewCourseDescription?term_in=201520&subj_code_in=COMP&crse_numb_in=220&crn_in=10520&seq_numb_in=L')","ClassExam(letter='', link='')",Comp Organiz & Assembly Lab,10520,['T 3:30 PM - 5:20 PM'],['Science Center 1315'],"[ClassInstructor(name='Gousie, Michael B.', link='https://wheatoncollege.edu/academics/faculty-directory/Michael-b-Gousie/')]",,,,[],https://www.bkstr.com/webapp/wcs/stores/servlet/booklookServlet?bookstore_id-1=525&term_id-1=Spring+2015&div-1=&dept-1=COMP&course-1=220&section-1=L,"SeatInfo(max='Max Enroll: 30', taken='Max Enroll: 30', avail='Max Enroll: 30', wait_list='Max Enroll: 30')",Permission of Instructor. ,Tuesday 3:30  - 5:20 
145,COMP,"ClassNumber(num='COMP-299 B01', link='https://weblprod1.wheatonma.edu/PROD/bzcrschd.P_ViewCourseDescription?term_in=201520&subj_code_in=COMP&crse_numb_in=299&crn_in=10612&seq_numb_in=B01')","ClassExam(letter='J.', link='https://weblprod1.wheatonma.edu/PROD/bzcrschd.P_DispExamInfo?exam_code=J.&course=COMP-299 B01&term_code=201520&term_desc=Spring 2015&crn=10612')",Ind Stdy: Adv. Web Programming,10612,['TBA'],['Location info TBA'],"[ClassInstructor(name='Gousie, Michael B.', link='https://wheatoncollege.edu/academics/faculty-directory/Michael-b-Gousie/')]",,,ARMC,[],https://www.bkstr.com/webapp/wcs/stores/servlet/booklookServlet?bookstore_id-1=525&term_id-1=Spring+2015&div-1=&dept-1=COMP&course-1=299&section-1=B01,"SeatInfo(max='Max Enroll: 2', taken='Max Enroll: 2', avail='Max Enroll: 2', wait_list='Max Enroll: 2')",Permission of Instructor. ,
146,COMP,"ClassNumber(num='COMP-398 B01', link='https://weblprod1.wheatonma.edu/PROD/bzcrschd.P_ViewCourseDescription?term_in=201520&subj_code_in=COMP&crse_numb_in=398&crn_in=10333&seq_numb_in=B01')","ClassExam(letter='N.', link='https://weblprod1.wheatonma.edu/PROD/bzcrschd.P_DispExamInfo?exam_code=N.&course=COMP-398 B01&term_code=201520&term_desc=Spring 2015&crn=10333')",Network Security,10333,['T R 11:00 AM - 12:20 PM'],['Science Center 1349'],"[ClassInstructor(name='Gagne, Martin', link='https://wheatoncollege.edu/academics/faculty-directory/Martin-Gagne/')]",,,,[],https://www.bkstr.com/webapp/wcs/stores/servlet/booklookServlet?bookstore_id-1=525&term_id-1=Spring+2015&div-1=&dept-1=COMP&course-1=398&section-1=B01,"SeatInfo(max='Max Enroll: 999', taken='Max Enroll: 999', avail='Max Enroll: 999', wait_list='Max Enroll: 999')",Permission of Instructor. ,Tuesday Thursday 11:00  - 12:20 
147,COMP,"ClassNumber(num='COMP-399 B01', link='https://weblprod1.wheatonma.edu/PROD/bzcrschd.P_ViewCourseDescription?term_in=201520&subj_code_in=COMP&crse_numb_in=399&crn_in=10638&seq_numb_in=B01')","ClassExam(letter='J.', link='https://weblprod1.wheatonma.edu/PROD/bzcrschd.P_DispExamInfo?exam_code=J.&course=COMP-399 B01&term_code=201520&term_desc=Spring 2015&crn=10638')",Ind Stdy: Intro Data Science,10638,['TBA'],['Location info TBA'],"[ClassInstructor(name='Armstrong, Thomas S.', link='https://wheatoncollege.edu/academics/faculty-directory/tom-armstrong/')]",,,ARMC,[],https://www.bkstr.com/webapp/wcs/stores/servlet/booklookServlet?bookstore_id-1=525&term_id-1=Spring+2015&div-1=&dept-1=COMP&course-1=399&section-1=B01,"SeatInfo(max='Max Enroll: 2', taken='Max Enroll: 2', avail='Max Enroll: 2', wait_list='Max Enroll: 2')",Permission of Instructor. ,
148,COMP,"ClassNumber(num='COMP-401 B', link='https://weblprod1.wheatonma.edu/PROD/bzcrschd.P_ViewCourseDescription?term_in=201520&subj_code_in=COMP&crse_numb_in=401&crn_in=10335&seq_numb_in=B')","ClassExam(letter='S.', link='https://weblprod1.wheatonma.edu/PROD/bzcrschd.P_DispExamInfo?exam_code=S.&course=COMP-401 B&term_code=201520&term_desc=Spring 2015&crn=10335')",Senior Seminar,10335,['T R 12:30 PM - 1:50 PM'],['Science Center 1313'],"[ClassInstructor(name='Armstrong, Thomas S.', link='https://wheatoncollege.edu/academics/faculty-directory/tom-armstrong/')]",,,ARMC,[],https://www.bkstr.com/webapp/wcs/stores/servlet/booklookServlet?bookstore_id-1=525&term_id-1=Spring+2015&div-1=&dept-1=COMP&course-1=401&section-1=B,"SeatInfo(max='Max Enroll: 999', taken='Max Enroll: 999', avail='Max Enroll: 999', wait_list='Max Enroll: 999')",Permission of Instructor. ,Tuesday Thursday 12:30  - 1:50 
149,COMP,"ClassNumber(num='COMP-499 B01', link='https://weblprod1.wheatonma.edu/PROD/bzcrschd.P_ViewCourseDescription?term_in=201520&subj_code_in=COMP&crse_numb_in=499&crn_in=10619&seq_numb_in=B01')","ClassExam(letter='J.', link='https://weblprod1.wheatonma.edu/PROD/bzcrschd.P_DispExamInfo?exam_code=J.&course=COMP-499 B01&term_code=201520&term_desc=Spring 2015&crn=10619')",Independent Research,10619,['TBA'],['Location info TBA'],"[ClassInstructor(name='Armstrong, Thomas S.', link='https://wheatoncollege.edu/academics/faculty-directory/tom-armstrong/')]",,,ARMC,[],https://www.bkstr.com/webapp/wcs/stores/servlet/booklookServlet?bookstore_id-1=525&term_id-1=Spring+2015&div-1=&dept-1=COMP&course-1=499&section-1=B01,"SeatInfo(max='Max Enroll: 1', taken='Max Enroll: 1', avail='Max Enroll: 1', wait_list='Max Enroll: 1')",Permission of Instructor. ,
150,CW,"ClassNumber(num='CW-099 B01', link='https://weblprod1.wheatonma.edu/PROD/bzcrschd.P_ViewCourseDescription?term_in=201520&subj_code_in=CW&crse_numb_in=099&crn_in=10624&seq_numb_in=B01')","ClassExam(letter='J.', link='https://weblprod1.wheatonma.edu/PROD/bzcrschd.P_DispExamInfo?exam_code=J.&course=CW-099 B01&term_code=201520&term_desc=Spring 2015&crn=10624')",Independent Study,10624,['TBA'],['Location info TBA'],"[ClassInstructor(name='Meehan, Charlotte A.', link='https://wheatoncollege.edu/academics/faculty-directory/Charlotte-Meehan/')]",,,,[],https://www.bkstr.com/webapp/wcs/stores/servlet/booklookServlet?bookstore_id-1=525&term_id-1=Spring+2015&div-1=&dept-1=CW&course-1=099&section-1=B01,"SeatInfo(max='Max Enroll: 1', taken='Max Enroll: 1', avail='Max Enroll: 1', wait_list='Max Enroll: 1')",Permission of Instructor. ,
151,CW,"ClassNumber(num='CW-282 B', link='https://weblprod1.wheatonma.edu/PROD/bzcrschd.P_ViewCourseDescription?term_in=201520&subj_code_in=CW&crse_numb_in=282&crn_in=10455&seq_numb_in=B')","ClassExam(letter='S.', link='https://weblprod1.wheatonma.edu/PROD/bzcrschd.P_DispExamInfo?exam_code=S.&course=CW-282 B&term_code=201520&term_desc=Spring 2015&crn=10455')",Literary Trans: Prac & Theory,10455,['T R 11:00 AM - 12:20 PM'],['Meneely Hall 305'],"[ClassInstructor(name='Standing, Sue', link='https://wheatoncollege.edu/academics/faculty-directory/Sue-Standing/')]",,DVAH,ARCA,[],https://www.bkstr.com/webapp/wcs/stores/servlet/booklookServlet?bookstore_id-1=525&term_id-1=Spring+2015&div-1=&dept-1=CW&course-1=282&section-1=B,"SeatInfo(max='Max Enroll: 16', taken='Max Enroll: 16', avail='Max Enroll: 16', wait_list='Max Enroll: 16')","Register for CW 010. Questionnaire and writing sample required first day of class. Permission of Instructor. Open to Sophomores, Juniors and Seniors with reading competency in one or more languages in addition to English. Previous experience in creative writing is desirable but not required.  Limited to 16. ",Tuesday Thursday 11:00  - 12:20 
152,CW,"ClassNumber(num='CW-283 B', link='https://weblprod1.wheatonma.edu/PROD/bzcrschd.P_ViewCourseDescription?term_in=201520&subj_code_in=CW&crse_numb_in=283&crn_in=10263&seq_numb_in=B')","ClassExam(letter='S.', link='https://weblprod1.wheatonma.edu/PROD/bzcrschd.P_DispExamInfo?exam_code=S.&course=CW-283 B&term_code=201520&term_desc=Spring 2015&crn=10263')",Poetry Writing: Form & Craft,10263,['T R 2:00 PM - 3:20 PM'],['Meneely Hall 208'],"[ClassInstructor(name='Standing, Sue', link='https://wheatoncollege.edu/academics/faculty-directory/Sue-Standing/')]",,DVAH,ARCA,[],https://www.bkstr.com/webapp/wcs/stores/servlet/booklookServlet?bookstore_id-1=525&term_id-1=Spring+2015&div-1=&dept-1=CW&course-1=283&section-1=B,"SeatInfo(max='Max Enroll: 16', taken='Max Enroll: 16', avail='Max Enroll: 16', wait_list='Max Enroll: 16')",Register for CW 002.  Questionnaire and writing sample required first day of class. Permission of Instructor. Limited to 16. ,Tuesday Thursday 2:00  - 3:20 
153,CW,"ClassNumber(num='CW-288 B', link='https://weblprod1.wheatonma.edu/PROD/bzcrschd.P_ViewCourseDescription?term_in=201520&subj_code_in=CW&crse_numb_in=288&crn_in=10255&seq_numb_in=B')","ClassExam(letter='S.', link='https://weblprod1.wheatonma.edu/PROD/bzcrschd.P_DispExamInfo?exam_code=S.&course=CW-288 B&term_code=201520&term_desc=Spring 2015&crn=10255')",Playwriting: Form and Craft,10255,['M W 12:30 PM - 1:50 PM'],['Meneely Hall 205'],"[ClassInstructor(name='Meehan, Charlotte A.', link='https://wheatoncollege.edu/academics/faculty-directory/Charlotte-Meehan/')]",,DVAH,ARCA,[],https://www.bkstr.com/webapp/wcs/stores/servlet/booklookServlet?bookstore_id-1=525&term_id-1=Spring+2015&div-1=&dept-1=CW&course-1=288&section-1=B,"SeatInfo(max='Max Enroll: 16', taken='Max Enroll: 16', avail='Max Enroll: 16', wait_list='Max Enroll: 16')",Register for CW 005. Questionnaire and writing sample required first day of class. Permission of Instructor. Limited to 16. ,Monday Wednesday 12:30  - 1:50 
154,CW,"ClassNumber(num='CW-384 B', link='https://weblprod1.wheatonma.edu/PROD/bzcrschd.P_ViewCourseDescription?term_in=201520&subj_code_in=CW&crse_numb_in=384&crn_in=10265&seq_numb_in=B')","ClassExam(letter='S.', link='https://weblprod1.wheatonma.edu/PROD/bzcrschd.P_DispExamInfo?exam_code=S.&course=CW-384 B&term_code=201520&term_desc=Spring 2015&crn=10265')",Advanced Fiction Workshop,10265,['R 2:00 PM - 4:59 PM'],['Meneely Hall 305'],"[ClassInstructor(name='Bryant, Deyonne T.', link='https://wheatoncollege.edu/academics/faculty-directory/Deyonne-Bryant/')]",,,,[],https://www.bkstr.com/webapp/wcs/stores/servlet/booklookServlet?bookstore_id-1=525&term_id-1=Spring+2015&div-1=&dept-1=CW&course-1=384&section-1=B,"SeatInfo(max='Max Enroll: 16', taken='Max Enroll: 16', avail='Max Enroll: 16', wait_list='Max Enroll: 16')",Register for CW 008. Prerequisite CW 284 or equivalent. Questionnaire and writing sample required first day of class. Limited to 16. ,Thursday 2:00  - 4:59 
155,CW,"ClassNumber(num='CW-399 B01', link='https://weblprod1.wheatonma.edu/PROD/bzcrschd.P_ViewCourseDescription?term_in=201520&subj_code_in=CW&crse_numb_in=399&crn_in=10607&seq_numb_in=B01')","ClassExam(letter='J.', link='https://weblprod1.wheatonma.edu/PROD/bzcrschd.P_DispExamInfo?exam_code=J.&course=CW-399 B01&term_code=201520&term_desc=Spring 2015&crn=10607')",Ind Stdy: Playwriting,10607,['TBA'],['Location info TBA'],"[ClassInstructor(name='Meehan, Charlotte A.', link='https://wheatoncollege.edu/academics/faculty-directory/Charlotte-Meehan/')]",,,,[],https://www.bkstr.com/webapp/wcs/stores/servlet/booklookServlet?bookstore_id-1=525&term_id-1=Spring+2015&div-1=&dept-1=CW&course-1=399&section-1=B01,"SeatInfo(max='Max Enroll: 1', taken='Max Enroll: 1', avail='Max Enroll: 1', wait_list='Max Enroll: 1')",Permission of Instructor. ,
156,CW,"ClassNumber(num='CW-399 B02', link='https://weblprod1.wheatonma.edu/PROD/bzcrschd.P_ViewCourseDescription?term_in=201520&subj_code_in=CW&crse_numb_in=399&crn_in=10650&seq_numb_in=B02')","ClassExam(letter='J.', link='https://weblprod1.wheatonma.edu/PROD/bzcrschd.P_DispExamInfo?exam_code=J.&course=CW-399 B02&term_code=201520&term_desc=Spring 2015&crn=10650')",Ind Stdy: Novel Writ/Revision,10650,['TBA'],['Location info TBA'],"[ClassInstructor(name='Bryant, Deyonne T.', link='https://wheatoncollege.edu/academics/faculty-directory/Deyonne-Bryant/')]",,,,[],https://www.bkstr.com/webapp/wcs/stores/servlet/booklookServlet?bookstore_id-1=525&term_id-1=Spring+2015&div-1=&dept-1=CW&course-1=399&section-1=B02,"SeatInfo(max='Max Enroll: 1', taken='Max Enroll: 1', avail='Max Enroll: 1', wait_list='Max Enroll: 1')",Permission of Instructor. ,
157,ECON,"ClassNumber(num='ECON-101 B01', link='https://weblprod1.wheatonma.edu/PROD/bzcrschd.P_ViewCourseDescription?term_in=201520&subj_code_in=ECON&crse_numb_in=101&crn_in=10267&seq_numb_in=B01')","ClassExam(letter='K.', link='https://weblprod1.wheatonma.edu/PROD/bzcrschd.P_DispExamInfo?exam_code=K.&course=ECON-101 B01&term_code=201520&term_desc=Spring 2015&crn=10267')",Introduction to Macroeconomics,10267,['M W 2:00 PM - 3:20 PM'],['Meneely Hall 102'],"[ClassInstructor(name='Gildea, John', link='https://wheatoncollege.edu/academics/faculty-directory/john-alexander-gildea/')]",,DVSS,ARSS,[],https://www.bkstr.com/webapp/wcs/stores/servlet/booklookServlet?bookstore_id-1=525&term_id-1=Spring+2015&div-1=&dept-1=ECON&course-1=101&section-1=B01,"SeatInfo(max='Max Enroll: 45', taken='Max Enroll: 45', avail='Max Enroll: 45', wait_list='Max Enroll: 45')",15 seats reserved for First Year students.  Limited to 45. ,Monday Wednesday 2:00  - 3:20 
158,ECON,"ClassNumber(num='ECON-101 B02', link='https://weblprod1.wheatonma.edu/PROD/bzcrschd.P_ViewCourseDescription?term_in=201520&subj_code_in=ECON&crse_numb_in=101&crn_in=10268&seq_numb_in=B02')","ClassExam(letter='H.', link='https://weblprod1.wheatonma.edu/PROD/bzcrschd.P_DispExamInfo?exam_code=H.&course=ECON-101 B02&term_code=201520&term_desc=Spring 2015&crn=10268')",Introduction to Macroeconomics,10268,['M W 12:30 PM - 1:50 PM'],['Meneely Hall 102'],"[ClassInstructor(name='Khareghani, Neda', link='https://wheatoncollege.edu/academics/faculty-directory/Neda-Khareghani/')]",,DVSS,ARSS,[],https://www.bkstr.com/webapp/wcs/stores/servlet/booklookServlet?bookstore_id-1=525&term_id-1=Spring+2015&div-1=&dept-1=ECON&course-1=101&section-1=B02,"SeatInfo(max='Max Enroll: 45', taken='Max Enroll: 45', avail='Max Enroll: 45', wait_list='Max Enroll: 45')",15 seats reserved for First Year students.  Limited to 45. ,Monday Wednesday 12:30  - 1:50 
159,ECON,"ClassNumber(num='ECON-102 B', link='https://weblprod1.wheatonma.edu/PROD/bzcrschd.P_ViewCourseDescription?term_in=201520&subj_code_in=ECON&crse_numb_in=102&crn_in=10270&seq_numb_in=B')","ClassExam(letter='N.', link='https://weblprod1.wheatonma.edu/PROD/bzcrschd.P_DispExamInfo?exam_code=N.&course=ECON-102 B&term_code=201520&term_desc=Spring 2015&crn=10270')",Introduction to Microeconomics,10270,['T R 11:00 AM - 12:20 PM'],['Science Center AUD'],"[ClassInstructor(name='Andzie-Quainoo, Lord', link='https://wheatoncollege.edu/academics/faculty-directory/lord-andziequainoo/')]",,DVSS,ARSS,"[ClassConx(num='2004', link='https://weblprod1.wheatonma.edu/PROD/bzcrschd.P_ViewCourseDescription?term_in=201520&subj_code_in=CONX&crse_numb_in=20004&crn_in=&seq_numb_in=')]",https://www.bkstr.com/webapp/wcs/stores/servlet/booklookServlet?bookstore_id-1=525&term_id-1=Spring+2015&div-1=&dept-1=ECON&course-1=102&section-1=B,"SeatInfo(max='Max Enroll: 45', taken='Max Enroll: 45', avail='Max Enroll: 45', wait_list='Max Enroll: 45')",15 seats reserved for First Year students.  Limited to 45. ,Tuesday Thursday 11:00  - 12:20 
160,ECON,"ClassNumber(num='ECON-112 B', link='https://weblprod1.wheatonma.edu/PROD/bzcrschd.P_ViewCourseDescription?term_in=201520&subj_code_in=ECON&crse_numb_in=112&crn_in=10552&seq_numb_in=B')","ClassExam(letter='H.', link='https://weblprod1.wheatonma.edu/PROD/bzcrschd.P_DispExamInfo?exam_code=H.&course=ECON-112 B&term_code=201520&term_desc=Spring 2015&crn=10552')",Introduction to Microeconomics,10552,['M W 12:30 PM - 1:50 PM'],['Watson Fine Arts Center 102'],"[ClassInstructor(name='Freeman, James A.', link='https://wheatoncollege.edu/academics/faculty-directory/James-Freeman/')]",,DVSS,ARSS,"[ClassConx(num='2004', link='https://weblprod1.wheatonma.edu/PROD/bzcrschd.P_ViewCourseDescription?term_in=201520&subj_code_in=CONX&crse_numb_in=20004&crn_in=&seq_numb_in='), ClassConx(num='2026', link='https://weblprod1.wheatonma.edu/PROD/bzcrschd.P_ViewCourseDescription?term_in=201520&subj_code_in=CONX&crse_numb_in=20026&crn_in=&seq_numb_in=')]",https://www.bkstr.com/webapp/wcs/stores/servlet/booklookServlet?bookstore_id-1=525&term_id-1=Spring+2015&div-1=&dept-1=ECON&course-1=112&section-1=B,"SeatInfo(max='Max Enroll: 45', taken='Max Enroll: 45', avail='Max Enroll: 45', wait_list='Max Enroll: 45')",15 seats reserved for First Year students.  Limited to 45. ,Monday Wednesday 12:30  - 1:50 
161,ECON,"ClassNumber(num='ECON-201 B', link='https://weblprod1.wheatonma.edu/PROD/bzcrschd.P_ViewCourseDescription?term_in=201520&subj_code_in=ECON&crse_numb_in=201&crn_in=10271&seq_numb_in=B')","ClassExam(letter='M.', link='https://weblprod1.wheatonma.edu/PROD/bzcrschd.P_DispExamInfo?exam_code=M.&course=ECON-201 B&term_code=201520&term_desc=Spring 2015&crn=10271')",Macroeconomic Theory,10271,['T R 9:30 AM - 10:50 AM'],['Science Center B243'],"[ClassInstructor(name='Miller, John', link='https://wheatoncollege.edu/academics/faculty-directory/John-Miller/')]",,DVSS,ARSS,[],https://www.bkstr.com/webapp/wcs/stores/servlet/booklookServlet?bookstore_id-1=525&term_id-1=Spring+2015&div-1=&dept-1=ECON&course-1=201&section-1=B,"SeatInfo(max='Max Enroll: 45', taken='Max Enroll: 45', avail='Max Enroll: 45', wait_list='Max Enroll: 45')",Prerequisite: ECON 101.  Limited to 45. ,Tuesday Thursday 9:30  - 10:50 
162,ECON,"ClassNumber(num='ECON-222 B', link='https://weblprod1.wheatonma.edu/PROD/bzcrschd.P_ViewCourseDescription?term_in=201520&subj_code_in=ECON&crse_numb_in=222&crn_in=10272&seq_numb_in=B')","ClassExam(letter='K.', link='https://weblprod1.wheatonma.edu/PROD/bzcrschd.P_DispExamInfo?exam_code=K.&course=ECON-222 B&term_code=201520&term_desc=Spring 2015&crn=10272')",Economics of Race and Racism,10272,['M W 2:00 PM - 3:20 PM'],['Meneely Hall 207'],"[ClassInstructor(name='Williams, Russell E.', link='https://wheatoncollege.edu/academics/faculty-directory/Russell-Williams/')]",,DVSS,ARSS,[],https://www.bkstr.com/webapp/wcs/stores/servlet/booklookServlet?bookstore_id-1=525&term_id-1=Spring+2015&div-1=&dept-1=ECON&course-1=222&section-1=B,"SeatInfo(max='Max Enroll: 35', taken='Max Enroll: 35', avail='Max Enroll: 35', wait_list='Max Enroll: 35')",Prerequisite: ECON 101 or ECON 102 or ECON 112 or Permission of Instructor.  Limited to 35. ,Monday Wednesday 2:00  - 3:20 
163,ECON,"ClassNumber(num='ECON-255 B', link='https://weblprod1.wheatonma.edu/PROD/bzcrschd.P_ViewCourseDescription?term_in=201520&subj_code_in=ECON&crse_numb_in=255&crn_in=10273&seq_numb_in=B')","ClassExam(letter='O.', link='https://weblprod1.wheatonma.edu/PROD/bzcrschd.P_DispExamInfo?exam_code=O.&course=ECON-255 B&term_code=201520&term_desc=Spring 2015&crn=10273')",Corporate Finance,10273,['T R 2:00 PM - 3:20 PM'],['Meneely Hall 301'],"[ClassInstructor(name='Gildea, John', link='https://wheatoncollege.edu/academics/faculty-directory/john-alexander-gildea/')]",,DVSS,ARSS,[],https://www.bkstr.com/webapp/wcs/stores/servlet/booklookServlet?bookstore_id-1=525&term_id-1=Spring+2015&div-1=&dept-1=ECON&course-1=255&section-1=B,"SeatInfo(max='Max Enroll: 35', taken='Max Enroll: 35', avail='Max Enroll: 35', wait_list='Max Enroll: 35')",Permission of Instructor. ,Tuesday Thursday 2:00  - 3:20 
164,ECON,"ClassNumber(num='ECON-298 B', link='https://weblprod1.wheatonma.edu/PROD/bzcrschd.P_ViewCourseDescription?term_in=201520&subj_code_in=ECON&crse_numb_in=298&crn_in=10730&seq_numb_in=B')","ClassExam(letter='J.', link='https://weblprod1.wheatonma.edu/PROD/bzcrschd.P_DispExamInfo?exam_code=J.&course=ECON-298 B&term_code=201520&term_desc=Spring 2015&crn=10730')",Bhutanese Economy,10730,['TBA'],['Location info TBA'],"[ClassInstructor(name='Wyss, Brenda', link='https://wheatoncollege.edu/academics/faculty-directory/Brenda-Wyss/')]",,,,[],https://www.bkstr.com/webapp/wcs/stores/servlet/booklookServlet?bookstore_id-1=525&term_id-1=Spring+2015&div-1=&dept-1=ECON&course-1=298&section-1=B,"SeatInfo(max='Max Enroll: 20', taken='Max Enroll: 20', avail='Max Enroll: 20', wait_list='Max Enroll: 20')",Wheaton study abroad. Course taught in Bhutan. Limited to 20. ,
165,ECON,"ClassNumber(num='ECON-298 B01', link='https://weblprod1.wheatonma.edu/PROD/bzcrschd.P_ViewCourseDescription?term_in=201520&subj_code_in=ECON&crse_numb_in=298&crn_in=10274&seq_numb_in=B01')","ClassExam(letter='S.', link='https://weblprod1.wheatonma.edu/PROD/bzcrschd.P_DispExamInfo?exam_code=S.&course=ECON-298 B01&term_code=201520&term_desc=Spring 2015&crn=10274')",Enterprising NonProfits,10274,['M W 3:30 PM - 4:50 PM'],['Meneely Hall 207'],"[ClassInstructor(name='Williams, Russell E.', link='https://wheatoncollege.edu/academics/faculty-directory/Russell-Williams/')]",,,,[],https://www.bkstr.com/webapp/wcs/stores/servlet/booklookServlet?bookstore_id-1=525&term_id-1=Spring+2015&div-1=&dept-1=ECON&course-1=298&section-1=B01,"SeatInfo(max='Max Enroll: 24', taken='Max Enroll: 24', avail='Max Enroll: 24', wait_list='Max Enroll: 24')",Limited to 24. ,Monday Wednesday 3:30  - 4:50 
166,ECON,"ClassNumber(num='ECON-298 B02', link='https://weblprod1.wheatonma.edu/PROD/bzcrschd.P_ViewCourseDescription?term_in=201520&subj_code_in=ECON&crse_numb_in=298&crn_in=10530&seq_numb_in=B02')","ClassExam(letter='S.', link='https://weblprod1.wheatonma.edu/PROD/bzcrschd.P_DispExamInfo?exam_code=S.&course=ECON-298 B02&term_code=201520&term_desc=Spring 2015&crn=10530')",African Economic Development,10530,['T R 12:30 PM - 1:50 PM'],['Science Center B334'],"[ClassInstructor(name='Andzie-Quainoo, Lord', link='https://wheatoncollege.edu/academics/faculty-directory/lord-andziequainoo/')]",,,,[],https://www.bkstr.com/webapp/wcs/stores/servlet/booklookServlet?bookstore_id-1=525&term_id-1=Spring+2015&div-1=&dept-1=ECON&course-1=298&section-1=B02,"SeatInfo(max='Max Enroll: 999', taken='Max Enroll: 999', avail='Max Enroll: 999', wait_list='Max Enroll: 999')",,Tuesday Thursday 12:30  - 1:50 
167,ECON,"ClassNumber(num='ECON-303 B', link='https://weblprod1.wheatonma.edu/PROD/bzcrschd.P_ViewCourseDescription?term_in=201520&subj_code_in=ECON&crse_numb_in=303&crn_in=10275&seq_numb_in=B')","ClassExam(letter='I.', link='https://weblprod1.wheatonma.edu/PROD/bzcrschd.P_DispExamInfo?exam_code=I.&course=ECON-303 B&term_code=201520&term_desc=Spring 2015&crn=10275')",Public Finance,10275,['T R 12:30 PM - 1:50 PM'],['Knapton Hall 114'],"[ClassInstructor(name='Miller, John', link='https://wheatoncollege.edu/academics/faculty-directory/John-Miller/')]",,DVSS,ARSS,[],https://www.bkstr.com/webapp/wcs/stores/servlet/booklookServlet?bookstore_id-1=525&term_id-1=Spring+2015&div-1=&dept-1=ECON&course-1=303&section-1=B,"SeatInfo(max='Max Enroll: 35', taken='Max Enroll: 35', avail='Max Enroll: 35', wait_list='Max Enroll: 35')",Prerequisites: ECON 101 and ECON 102 or ECON 112. Limited to 35. ,Tuesday Thursday 12:30  - 1:50 
168,ECON,"ClassNumber(num='ECON-306 B', link='https://weblprod1.wheatonma.edu/PROD/bzcrschd.P_ViewCourseDescription?term_in=201520&subj_code_in=ECON&crse_numb_in=306&crn_in=10276&seq_numb_in=B')","ClassExam(letter='N.', link='https://weblprod1.wheatonma.edu/PROD/bzcrschd.P_DispExamInfo?exam_code=N.&course=ECON-306 B&term_code=201520&term_desc=Spring 2015&crn=10276')",International Trade,10276,['T R 11:00 AM - 12:20 PM'],['Meneely Hall 301'],"[ClassInstructor(name='Freeman, James A.', link='https://wheatoncollege.edu/academics/faculty-directory/James-Freeman/')]",,DVSS,ARSS,[],https://www.bkstr.com/webapp/wcs/stores/servlet/booklookServlet?bookstore_id-1=525&term_id-1=Spring+2015&div-1=&dept-1=ECON&course-1=306&section-1=B,"SeatInfo(max='Max Enroll: 35', taken='Max Enroll: 35', avail='Max Enroll: 35', wait_list='Max Enroll: 35')",Prerequisites:  ECON 101 and ECON 102 or ECON 112. Limited to 35. ,Tuesday Thursday 11:00  - 12:20 
169,ECON,"ClassNumber(num='ECON-330 B', link='https://weblprod1.wheatonma.edu/PROD/bzcrschd.P_ViewCourseDescription?term_in=201520&subj_code_in=ECON&crse_numb_in=330&crn_in=10277&seq_numb_in=B')","ClassExam(letter='P.', link='https://weblprod1.wheatonma.edu/PROD/bzcrschd.P_DispExamInfo?exam_code=P.&course=ECON-330 B&term_code=201520&term_desc=Spring 2015&crn=10277')",Applied Econometrics,10277,['T R 3:30 PM - 4:50 PM'],['Mars Center-Science/Technology 1141'],"[ClassInstructor(name='Freeman, James A.', link='https://wheatoncollege.edu/academics/faculty-directory/James-Freeman/')]",,DVSS,ARSS,[],https://www.bkstr.com/webapp/wcs/stores/servlet/booklookServlet?bookstore_id-1=525&term_id-1=Spring+2015&div-1=&dept-1=ECON&course-1=330&section-1=B,"SeatInfo(max='Max Enroll: 15', taken='Max Enroll: 15', avail='Max Enroll: 15', wait_list='Max Enroll: 15')",Prerequisites: ECON 101 and ECON 102 or ECON 112 and MATH 101 or MATH 102 or MATH 104 and MATH 141 or MATH 151. Limited to 15. ,Tuesday Thursday 3:30  - 4:50 
170,ECON,"ClassNumber(num='ECON-399 B', link='https://weblprod1.wheatonma.edu/PROD/bzcrschd.P_ViewCourseDescription?term_in=201520&subj_code_in=ECON&crse_numb_in=399&crn_in=10740&seq_numb_in=B')","ClassExam(letter='J.', link='https://weblprod1.wheatonma.edu/PROD/bzcrschd.P_DispExamInfo?exam_code=J.&course=ECON-399 B&term_code=201520&term_desc=Spring 2015&crn=10740')",Selected Topics,10740,['TBA'],['Location info TBA'],"[ClassInstructor(name='Miller, John', link='https://wheatoncollege.edu/academics/faculty-directory/John-Miller/')]",,DVSS,ARSS,[],https://www.bkstr.com/webapp/wcs/stores/servlet/booklookServlet?bookstore_id-1=525&term_id-1=Spring+2015&div-1=&dept-1=ECON&course-1=399&section-1=B,"SeatInfo(max='Max Enroll: 1', taken='Max Enroll: 1', avail='Max Enroll: 1', wait_list='Max Enroll: 1')",By permission of instructor and chair of department. ,
171,ECON,"ClassNumber(num='ECON-402 B', link='https://weblprod1.wheatonma.edu/PROD/bzcrschd.P_ViewCourseDescription?term_in=201520&subj_code_in=ECON&crse_numb_in=402&crn_in=10278&seq_numb_in=B')","ClassExam(letter='S.', link='https://weblprod1.wheatonma.edu/PROD/bzcrschd.P_DispExamInfo?exam_code=S.&course=ECON-402 B&term_code=201520&term_desc=Spring 2015&crn=10278')",Seminar: Current Econ Issues,10278,['T R 11:00 AM - 12:20 PM'],['Knapton Hall 214'],"[ClassInstructor(name='Gildea, John', link='https://wheatoncollege.edu/academics/faculty-directory/john-alexander-gildea/')]",,DVSS,ARSS,[],https://www.bkstr.com/webapp/wcs/stores/servlet/booklookServlet?bookstore_id-1=525&term_id-1=Spring+2015&div-1=&dept-1=ECON&course-1=402&section-1=B,"SeatInfo(max='Max Enroll: 18', taken='Max Enroll: 18', avail='Max Enroll: 18', wait_list='Max Enroll: 18')",Economics and Mathematics & Economics Senior Majors. Limited to 18. ,Tuesday Thursday 11:00  - 12:20 
172,ECON,"ClassNumber(num='ECON-403 B', link='https://weblprod1.wheatonma.edu/PROD/bzcrschd.P_ViewCourseDescription?term_in=201520&subj_code_in=ECON&crse_numb_in=403&crn_in=10524&seq_numb_in=B')","ClassExam(letter='S.', link='https://weblprod1.wheatonma.edu/PROD/bzcrschd.P_DispExamInfo?exam_code=S.&course=ECON-403 B&term_code=201520&term_desc=Spring 2015&crn=10524')",Sem: Global Ec Controversies,10524,['W 2:00 PM - 4:50 PM'],['Mars Center-Science/Technology 1120'],"[ClassInstructor(name='Miller, John', link='https://wheatoncollege.edu/academics/faculty-directory/John-Miller/')]",,DVSS,ARSS,[],https://www.bkstr.com/webapp/wcs/stores/servlet/booklookServlet?bookstore_id-1=525&term_id-1=Spring+2015&div-1=&dept-1=ECON&course-1=403&section-1=B,"SeatInfo(max='Max Enroll: 18', taken='Max Enroll: 18', avail='Max Enroll: 18', wait_list='Max Enroll: 18')",Economics and Mathematics & Economics Senior Majors. Limited to 18. ,Wednesday 2:00  - 4:50 
173,ECON,"ClassNumber(num='ECON-499 B01', link='https://weblprod1.wheatonma.edu/PROD/bzcrschd.P_ViewCourseDescription?term_in=201520&subj_code_in=ECON&crse_numb_in=499&crn_in=10636&seq_numb_in=B01')","ClassExam(letter='J.', link='https://weblprod1.wheatonma.edu/PROD/bzcrschd.P_DispExamInfo?exam_code=J.&course=ECON-499 B01&term_code=201520&term_desc=Spring 2015&crn=10636')",Independent Research,10636,['TBA'],['Location info TBA'],"[ClassInstructor(name='Williams, Russell E.', link='https://wheatoncollege.edu/academics/faculty-directory/Russell-Williams/')]",,,,[],https://www.bkstr.com/webapp/wcs/stores/servlet/booklookServlet?bookstore_id-1=525&term_id-1=Spring+2015&div-1=&dept-1=ECON&course-1=499&section-1=B01,"SeatInfo(max='Max Enroll: 1', taken='Max Enroll: 1', avail='Max Enroll: 1', wait_list='Max Enroll: 1')",Permission of Instructor. ,
174,ECON,"ClassNumber(num='ECON-500 D01', link='https://weblprod1.wheatonma.edu/PROD/bzcrschd.P_ViewCourseDescription?term_in=201520&subj_code_in=ECON&crse_numb_in=500&crn_in=10658&seq_numb_in=D01')","ClassExam(letter='J.', link='https://weblprod1.wheatonma.edu/PROD/bzcrschd.P_DispExamInfo?exam_code=J.&course=ECON-500 D01&term_code=201520&term_desc=Spring 2015&crn=10658')",Individual Research,10658,['TBA'],['Location info TBA'],"[ClassInstructor(name='Miller, John', link='https://wheatoncollege.edu/academics/faculty-directory/John-Miller/')]",,DVSS,ARSS,[],https://www.bkstr.com/webapp/wcs/stores/servlet/booklookServlet?bookstore_id-1=525&term_id-1=Spring+2015&div-1=&dept-1=ECON&course-1=500&section-1=D01,"SeatInfo(max='Max Enroll: 1', taken='Max Enroll: 1', avail='Max Enroll: 1', wait_list='Max Enroll: 1')",Permission of Instructor. ,
175,EDUC,"ClassNumber(num='EDUC-020 B', link='https://weblprod1.wheatonma.edu/PROD/bzcrschd.P_ViewCourseDescription?term_in=201520&subj_code_in=EDUC&crse_numb_in=020&crn_in=10034&seq_numb_in=B')","ClassExam(letter='J.', link='https://weblprod1.wheatonma.edu/PROD/bzcrschd.P_DispExamInfo?exam_code=J.&course=EDUC-020 B&term_code=201520&term_desc=Spring 2015&crn=10034')",Developmental Issues,10034,['M 6:00 PM - 7:50 PM'],['Meneely Hall 105'],"[ClassInstructor(name='Flint, Dallas', link='https://wheatoncollege.edu/academics/faculty-directory/Dallas-Flint/')]",,DVSS,ARSS,[],https://www.bkstr.com/webapp/wcs/stores/servlet/booklookServlet?bookstore_id-1=525&term_id-1=Spring+2015&div-1=&dept-1=EDUC&course-1=020&section-1=B,"SeatInfo(max='Max Enroll: 999', taken='Max Enroll: 999', avail='Max Enroll: 999', wait_list='Max Enroll: 999')",Permission of Instructor (.50 credit). ,Monday 6:00  - 7:50 
176,EDUC,"ClassNumber(num='EDUC-022 B01', link='https://weblprod1.wheatonma.edu/PROD/bzcrschd.P_ViewCourseDescription?term_in=201520&subj_code_in=EDUC&crse_numb_in=022&crn_in=10035&seq_numb_in=B01')","ClassExam(letter='S.', link='https://weblprod1.wheatonma.edu/PROD/bzcrschd.P_DispExamInfo?exam_code=S.&course=EDUC-022 B01&term_code=201520&term_desc=Spring 2015&crn=10035')",Intellectual and Social Dev,10035,['TBA'],['Location info TBA'],"[ClassInstructor(name='Emerson, Jocelyn L.', link='https://wheatoncollege.edu/academics/faculty-directory/Jocelyn-Emerson/')]",,DVSS,ARSS,[],https://www.bkstr.com/webapp/wcs/stores/servlet/booklookServlet?bookstore_id-1=525&term_id-1=Spring+2015&div-1=&dept-1=EDUC&course-1=022&section-1=B01,"SeatInfo(max='Max Enroll: 999', taken='Max Enroll: 999', avail='Max Enroll: 999', wait_list='Max Enroll: 999')",Permission of Instructor (.50 credit). ,
177,EDUC,"ClassNumber(num='EDUC-022 B02', link='https://weblprod1.wheatonma.edu/PROD/bzcrschd.P_ViewCourseDescription?term_in=201520&subj_code_in=EDUC&crse_numb_in=022&crn_in=10470&seq_numb_in=B02')","ClassExam(letter='J.', link='https://weblprod1.wheatonma.edu/PROD/bzcrschd.P_DispExamInfo?exam_code=J.&course=EDUC-022 B02&term_code=201520&term_desc=Spring 2015&crn=10470')",Intellectual and Social Dev,10470,['TBA'],['Location info TBA'],"[ClassInstructor(name='Wilhelm, Denyse M.', link='https://wheatoncollege.edu/academics/faculty-directory/')]",,DVSS,ARSS,[],https://www.bkstr.com/webapp/wcs/stores/servlet/booklookServlet?bookstore_id-1=525&term_id-1=Spring+2015&div-1=&dept-1=EDUC&course-1=022&section-1=B02,"SeatInfo(max='Max Enroll: 999', taken='Max Enroll: 999', avail='Max Enroll: 999', wait_list='Max Enroll: 999')",Permission of Instructor (.50 credit). ,
178,EDUC,"ClassNumber(num='EDUC-030 B', link='https://weblprod1.wheatonma.edu/PROD/bzcrschd.P_ViewCourseDescription?term_in=201520&subj_code_in=EDUC&crse_numb_in=030&crn_in=10603&seq_numb_in=B')","ClassExam(letter='J.', link='https://weblprod1.wheatonma.edu/PROD/bzcrschd.P_DispExamInfo?exam_code=J.&course=EDUC-030 B&term_code=201520&term_desc=Spring 2015&crn=10603')",Head Resident Seminar,10603,['M 7:00 PM - 9:00 PM'],['Knapton Hall 218'],"[ClassInstructor(name='McCaffrey, Kathryn E.', link='https://wheatoncollege.edu/academics/faculty-directory/Kathryn-McCaffrey/')]",,DVSS,ARSS,[],https://www.bkstr.com/webapp/wcs/stores/servlet/booklookServlet?bookstore_id-1=525&term_id-1=Spring+2015&div-1=&dept-1=EDUC&course-1=030&section-1=B,"SeatInfo(max='Max Enroll: 999', taken='Max Enroll: 999', avail='Max Enroll: 999', wait_list='Max Enroll: 999')",Prerequisite: EDUC 020 and Permission of Instructor. ,Monday 7:00  - 9:00 
179,EDUC,"ClassNumber(num='EDUC-098 B01', link='https://weblprod1.wheatonma.edu/PROD/bzcrschd.P_ViewCourseDescription?term_in=201520&subj_code_in=EDUC&crse_numb_in=098&crn_in=10601&seq_numb_in=B01')","ClassExam(letter='J.', link='https://weblprod1.wheatonma.edu/PROD/bzcrschd.P_DispExamInfo?exam_code=J.&course=EDUC-098 B01&term_code=201520&term_desc=Spring 2015&crn=10601')",Peer Advising Seminar,10601,['TBA'],['Location info TBA'],"[ClassInstructor(name='Emerson, Jocelyn L.', link='https://wheatoncollege.edu/academics/faculty-directory/Jocelyn-Emerson/')]",,,,[],https://www.bkstr.com/webapp/wcs/stores/servlet/booklookServlet?bookstore_id-1=525&term_id-1=Spring+2015&div-1=&dept-1=EDUC&course-1=098&section-1=B01,"SeatInfo(max='Max Enroll: 15', taken='Max Enroll: 15', avail='Max Enroll: 15', wait_list='Max Enroll: 15')",Permission of Instructor (.50 credit). ,
180,EDUC,"ClassNumber(num='EDUC-230 B', link='https://weblprod1.wheatonma.edu/PROD/bzcrschd.P_ViewCourseDescription?term_in=201520&subj_code_in=EDUC&crse_numb_in=230&crn_in=10380&seq_numb_in=B')","ClassExam(letter='S.', link='https://weblprod1.wheatonma.edu/PROD/bzcrschd.P_DispExamInfo?exam_code=S.&course=EDUC-230 B&term_code=201520&term_desc=Spring 2015&crn=10380')",Teaching English Lang Learners,10380,['W 5:00 PM - 7:40 PM'],['Meneely Hall 301'],"[ClassInstructor(name='Shaw, Suzanne C.', link='https://wheatoncollege.edu/academics/faculty-directory/Suzanne-Shaw/')]",,DVSS,ARSS,[],https://www.bkstr.com/webapp/wcs/stores/servlet/booklookServlet?bookstore_id-1=525&term_id-1=Spring+2015&div-1=&dept-1=EDUC&course-1=230&section-1=B,"SeatInfo(max='Max Enroll: 35', taken='Max Enroll: 35', avail='Max Enroll: 35', wait_list='Max Enroll: 35')","Open to Sophomores, Juniors and Seniors. 5 seats reserved for First Year Students.  Limited to 35. ",Wednesday 5:00  - 7:40 
181,EDUC,"ClassNumber(num='EDUC-251 B', link='https://weblprod1.wheatonma.edu/PROD/bzcrschd.P_ViewCourseDescription?term_in=201520&subj_code_in=EDUC&crse_numb_in=251&crn_in=10036&seq_numb_in=B')","ClassExam(letter='S.', link='https://weblprod1.wheatonma.edu/PROD/bzcrschd.P_DispExamInfo?exam_code=S.&course=EDUC-251 B&term_code=201520&term_desc=Spring 2015&crn=10036')","Special Education, Pre K - 12",10036,['T R 11:00 AM - 12:20 PM'],['Balfour-Hood Campus Center MEDIA'],"[ClassInstructor(name='Werner, Margaret', link='https://wheatoncollege.edu/academics/faculty-directory/marge-werner/')]",,DVSS,ARSS,[],https://www.bkstr.com/webapp/wcs/stores/servlet/booklookServlet?bookstore_id-1=525&term_id-1=Spring+2015&div-1=&dept-1=EDUC&course-1=251&section-1=B,"SeatInfo(max='Max Enroll: 35', taken='Max Enroll: 35', avail='Max Enroll: 35', wait_list='Max Enroll: 35')","Open to Sophomores, Juniors and limited to 5 Seniors. Limited to 35. ",Tuesday Thursday 11:00  - 12:20 
182,EDUC,"ClassNumber(num='EDUC-260 B', link='https://weblprod1.wheatonma.edu/PROD/bzcrschd.P_ViewCourseDescription?term_in=201520&subj_code_in=EDUC&crse_numb_in=260&crn_in=10037&seq_numb_in=B')","ClassExam(letter='S.', link='https://weblprod1.wheatonma.edu/PROD/bzcrschd.P_DispExamInfo?exam_code=S.&course=EDUC-260 B&term_code=201520&term_desc=Spring 2015&crn=10037')",Teaching and Learning,10037,['T R 3:30 PM - 4:50 PM'],['Meneely Hall 301'],"[ClassInstructor(name='Werner, Margaret', link='https://wheatoncollege.edu/academics/faculty-directory/marge-werner/')]",,DVSS,ARSS,[],https://www.bkstr.com/webapp/wcs/stores/servlet/booklookServlet?bookstore_id-1=525&term_id-1=Spring+2015&div-1=&dept-1=EDUC&course-1=260&section-1=B,"SeatInfo(max='Max Enroll: 35', taken='Max Enroll: 35', avail='Max Enroll: 35', wait_list='Max Enroll: 35')","Open to Sophomores, Juniors and Seniors. 5 seats reserved for First Year Students.  Limited to 35. ",Tuesday Thursday 3:30  - 4:50 
183,EDUC,"ClassNumber(num='EDUC-275 B', link='https://weblprod1.wheatonma.edu/PROD/bzcrschd.P_ViewCourseDescription?term_in=201520&subj_code_in=EDUC&crse_numb_in=275&crn_in=10038&seq_numb_in=B')","ClassExam(letter='S.', link='https://weblprod1.wheatonma.edu/PROD/bzcrschd.P_DispExamInfo?exam_code=S.&course=EDUC-275 B&term_code=201520&term_desc=Spring 2015&crn=10038')",Learn in the Social Sciences,10038,['M 5:00 PM - 7:40 PM'],['Knapton Hall 114'],"[ClassInstructor(name='LaConte, Judy', link='https://wheatoncollege.edu/academics/faculty-directory/Judy-LaConte/')]",,DVSS,ARSS,[],https://www.bkstr.com/webapp/wcs/stores/servlet/booklookServlet?bookstore_id-1=525&term_id-1=Spring+2015&div-1=&dept-1=EDUC&course-1=275&section-1=B,"SeatInfo(max='Max Enroll: 35', taken='Max Enroll: 35', avail='Max Enroll: 35', wait_list='Max Enroll: 35')","Open to Sophomores, Juniors and Seniors.  5 seats reserved for First Year Students. Limited to 35. ",Monday 5:00  - 7:40 
184,EDUC,"ClassNumber(num='EDUC-298 B', link='https://weblprod1.wheatonma.edu/PROD/bzcrschd.P_ViewCourseDescription?term_in=201520&subj_code_in=EDUC&crse_numb_in=298&crn_in=10490&seq_numb_in=B')","ClassExam(letter='S.', link='https://weblprod1.wheatonma.edu/PROD/bzcrschd.P_DispExamInfo?exam_code=S.&course=EDUC-298 B&term_code=201520&term_desc=Spring 2015&crn=10490')",Teaching Preschool STEM,10490,['TBA'],['Location info TBA'],"[ClassInstructor(name='Bartolini, Vicki L.', link='https://wheatoncollege.edu/academics/faculty-directory/Vicki-l-Bartolini/')]",,,,[],https://www.bkstr.com/webapp/wcs/stores/servlet/booklookServlet?bookstore_id-1=525&term_id-1=Spring+2015&div-1=&dept-1=EDUC&course-1=298&section-1=B,"SeatInfo(max='Max Enroll: 24', taken='Max Enroll: 24', avail='Max Enroll: 24', wait_list='Max Enroll: 24')",Course restricted to current practitioners.  Not available to Wheaton students. ,
185,EDUC,"ClassNumber(num='EDUC-299 B01', link='https://weblprod1.wheatonma.edu/PROD/bzcrschd.P_ViewCourseDescription?term_in=201520&subj_code_in=EDUC&crse_numb_in=299&crn_in=10732&seq_numb_in=B01')","ClassExam(letter='J.', link='https://weblprod1.wheatonma.edu/PROD/bzcrschd.P_DispExamInfo?exam_code=J.&course=EDUC-299 B01&term_code=201520&term_desc=Spring 2015&crn=10732')",Selected Topics,10732,['TBA'],['Location info TBA'],"[ClassInstructor(name='Gelber, Scott M.', link='https://wheatoncollege.edu/academics/faculty-directory/Scott-Gelber/')]",,DVSS,ARSS,[],https://www.bkstr.com/webapp/wcs/stores/servlet/booklookServlet?bookstore_id-1=525&term_id-1=Spring+2015&div-1=&dept-1=EDUC&course-1=299&section-1=B01,"SeatInfo(max='Max Enroll: 1', taken='Max Enroll: 1', avail='Max Enroll: 1', wait_list='Max Enroll: 1')",Permission of instructor. ,
186,EDUC,"ClassNumber(num='EDUC-399 B01', link='https://weblprod1.wheatonma.edu/PROD/bzcrschd.P_ViewCourseDescription?term_in=201520&subj_code_in=EDUC&crse_numb_in=399&crn_in=10595&seq_numb_in=B01')","ClassExam(letter='J.', link='https://weblprod1.wheatonma.edu/PROD/bzcrschd.P_DispExamInfo?exam_code=J.&course=EDUC-399 B01&term_code=201520&term_desc=Spring 2015&crn=10595')",Ind Stdy: ELL/Math Curriculum,10595,['TBA'],['Location info TBA'],"[ClassInstructor(name='Bartolini, Vicki L.', link='https://wheatoncollege.edu/academics/faculty-directory/Vicki-l-Bartolini/')]",,DVSS,ARSS,[],https://www.bkstr.com/webapp/wcs/stores/servlet/booklookServlet?bookstore_id-1=525&term_id-1=Spring+2015&div-1=&dept-1=EDUC&course-1=399&section-1=B01,"SeatInfo(max='Max Enroll: 1', taken='Max Enroll: 1', avail='Max Enroll: 1', wait_list='Max Enroll: 1')",,
187,EDUC,"ClassNumber(num='EDUC-495 B01', link='https://weblprod1.wheatonma.edu/PROD/bzcrschd.P_ViewCourseDescription?term_in=201520&subj_code_in=EDUC&crse_numb_in=495&crn_in=10039&seq_numb_in=B01')","ClassExam(letter='S.', link='https://weblprod1.wheatonma.edu/PROD/bzcrschd.P_DispExamInfo?exam_code=S.&course=EDUC-495 B01&term_code=201520&term_desc=Spring 2015&crn=10039')",Seminar in Teaching Methods,10039,['T 3:30 PM - 5:30 PM'],"[""Doll's House 206""]","[ClassInstructor(name='Bartolini, Vicki L.', link='https://wheatoncollege.edu/academics/faculty-directory/Vicki-l-Bartolini/')]",,DVSS,ARSS,[],https://www.bkstr.com/webapp/wcs/stores/servlet/booklookServlet?bookstore_id-1=525&term_id-1=Spring+2015&div-1=&dept-1=EDUC&course-1=495&section-1=B01,"SeatInfo(max='Max Enroll: 999', taken='Max Enroll: 999', avail='Max Enroll: 999', wait_list='Max Enroll: 999')",,Tuesday 3:30  - 5:30 
188,EDUC,"ClassNumber(num='EDUC-495 B02', link='https://weblprod1.wheatonma.edu/PROD/bzcrschd.P_ViewCourseDescription?term_in=201520&subj_code_in=EDUC&crse_numb_in=495&crn_in=10040&seq_numb_in=B02')","ClassExam(letter='S.', link='https://weblprod1.wheatonma.edu/PROD/bzcrschd.P_DispExamInfo?exam_code=S.&course=EDUC-495 B02&term_code=201520&term_desc=Spring 2015&crn=10040')",Seminar in Teaching Methods,10040,['T 3:30 PM - 5:30 PM'],"[""Doll's House 206""]","[ClassInstructor(name='Bartolini, Vicki L.', link='https://wheatoncollege.edu/academics/faculty-directory/Vicki-l-Bartolini/')]",,DVSS,ARSS,[],https://www.bkstr.com/webapp/wcs/stores/servlet/booklookServlet?bookstore_id-1=525&term_id-1=Spring+2015&div-1=&dept-1=EDUC&course-1=495&section-1=B02,"SeatInfo(max='Max Enroll: 999', taken='Max Enroll: 999', avail='Max Enroll: 999', wait_list='Max Enroll: 999')",,Tuesday 3:30  - 5:30 
189,EDUC,"ClassNumber(num='EDUC-495 B03', link='https://weblprod1.wheatonma.edu/PROD/bzcrschd.P_ViewCourseDescription?term_in=201520&subj_code_in=EDUC&crse_numb_in=495&crn_in=10041&seq_numb_in=B03')","ClassExam(letter='S.', link='https://weblprod1.wheatonma.edu/PROD/bzcrschd.P_DispExamInfo?exam_code=S.&course=EDUC-495 B03&term_code=201520&term_desc=Spring 2015&crn=10041')",Seminar in Teaching Methods,10041,['T 3:30 PM - 5:30 PM'],['Wallace Library S15'],"[ClassInstructor(name='Gelber, Scott M.', link='https://wheatoncollege.edu/academics/faculty-directory/Scott-Gelber/')]",,DVSS,ARSS,[],https://www.bkstr.com/webapp/wcs/stores/servlet/booklookServlet?bookstore_id-1=525&term_id-1=Spring+2015&div-1=&dept-1=EDUC&course-1=495&section-1=B03,"SeatInfo(max='Max Enroll: 999', taken='Max Enroll: 999', avail='Max Enroll: 999', wait_list='Max Enroll: 999')",,Tuesday 3:30  - 5:30 
190,EDUC,"ClassNumber(num='EDUC-496 B01', link='https://weblprod1.wheatonma.edu/PROD/bzcrschd.P_ViewCourseDescription?term_in=201520&subj_code_in=EDUC&crse_numb_in=496&crn_in=10042&seq_numb_in=B01')","ClassExam(letter='S.', link='https://weblprod1.wheatonma.edu/PROD/bzcrschd.P_DispExamInfo?exam_code=S.&course=EDUC-496 B01&term_code=201520&term_desc=Spring 2015&crn=10042')",Student Teaching Practicum,10042,['M T W R F 8:30 AM - 3:20 PM'],['Location info TBA'],"[ClassInstructor(name='Bartolini, Vicki L.', link='https://wheatoncollege.edu/academics/faculty-directory/Vicki-l-Bartolini/')]",,DVSS,ARSS,[],https://www.bkstr.com/webapp/wcs/stores/servlet/booklookServlet?bookstore_id-1=525&term_id-1=Spring+2015&div-1=&dept-1=EDUC&course-1=496&section-1=B01,"SeatInfo(max='Max Enroll: 999', taken='Max Enroll: 999', avail='Max Enroll: 999', wait_list='Max Enroll: 999')",(2.5 Credit) ,Monday Tuesday Wednesday Thursday Friday 8:30  - 3:20 
191,EDUC,"ClassNumber(num='EDUC-496 B02', link='https://weblprod1.wheatonma.edu/PROD/bzcrschd.P_ViewCourseDescription?term_in=201520&subj_code_in=EDUC&crse_numb_in=496&crn_in=10043&seq_numb_in=B02')","ClassExam(letter='S.', link='https://weblprod1.wheatonma.edu/PROD/bzcrschd.P_DispExamInfo?exam_code=S.&course=EDUC-496 B02&term_code=201520&term_desc=Spring 2015&crn=10043')",Student Teaching Practicum,10043,['M T W R F 8:30 AM - 3:20 PM'],['Location info TBA'],"[ClassInstructor(name='Bartolini, Vicki L.', link='https://wheatoncollege.edu/academics/faculty-directory/Vicki-l-Bartolini/')]",,DVSS,ARSS,[],https://www.bkstr.com/webapp/wcs/stores/servlet/booklookServlet?bookstore_id-1=525&term_id-1=Spring+2015&div-1=&dept-1=EDUC&course-1=496&section-1=B02,"SeatInfo(max='Max Enroll: 999', taken='Max Enroll: 999', avail='Max Enroll: 999', wait_list='Max Enroll: 999')",(2.5 Credit) ,Monday Tuesday Wednesday Thursday Friday 8:30  - 3:20 
192,EDUC,"ClassNumber(num='EDUC-496 B03', link='https://weblprod1.wheatonma.edu/PROD/bzcrschd.P_ViewCourseDescription?term_in=201520&subj_code_in=EDUC&crse_numb_in=496&crn_in=10044&seq_numb_in=B03')","ClassExam(letter='S.', link='https://weblprod1.wheatonma.edu/PROD/bzcrschd.P_DispExamInfo?exam_code=S.&course=EDUC-496 B03&term_code=201520&term_desc=Spring 2015&crn=10044')",Student Teaching Practicum,10044,['M T W R F 8:30 AM - 3:20 PM'],['Location info TBA'],"[ClassInstructor(name='Gelber, Scott M.', link='https://wheatoncollege.edu/academics/faculty-directory/Scott-Gelber/')]",,DVSS,ARSS,[],https://www.bkstr.com/webapp/wcs/stores/servlet/booklookServlet?bookstore_id-1=525&term_id-1=Spring+2015&div-1=&dept-1=EDUC&course-1=496&section-1=B03,"SeatInfo(max='Max Enroll: 999', taken='Max Enroll: 999', avail='Max Enroll: 999', wait_list='Max Enroll: 999')",(2.5 Credit) ,Monday Tuesday Wednesday Thursday Friday 8:30  - 3:20 
193,ENG,"ClassNumber(num='ENG-010 B', link='https://weblprod1.wheatonma.edu/PROD/bzcrschd.P_ViewCourseDescription?term_in=201520&subj_code_in=ENG&crse_numb_in=010&crn_in=10344&seq_numb_in=B')","ClassExam(letter='S.', link='https://weblprod1.wheatonma.edu/PROD/bzcrschd.P_DispExamInfo?exam_code=S.&course=ENG-010 B&term_code=201520&term_desc=Spring 2015&crn=10344')",College Writing Workshop,10344,['T 9:30 AM - 10:50 AM'],['Meneely Hall 206'],"[ClassInstructor(name='Sarhan Salvatore, Angie', link='https://wheatoncollege.edu/academics/faculty-directory/angie-sarhan/')]",,,,[],https://www.bkstr.com/webapp/wcs/stores/servlet/booklookServlet?bookstore_id-1=525&term_id-1=Spring+2015&div-1=&dept-1=ENG&course-1=010&section-1=B,"SeatInfo(max='Max Enroll: 12', taken='Max Enroll: 12', avail='Max Enroll: 12', wait_list='Max Enroll: 12')",May be elected in either or both semesters.  Limited to 12. (.50 credit) ,Tuesday 9:30  - 10:50 
194,ENG,"ClassNumber(num='ENG-060 B01', link='https://weblprod1.wheatonma.edu/PROD/bzcrschd.P_ViewCourseDescription?term_in=201520&subj_code_in=ENG&crse_numb_in=060&crn_in=10345&seq_numb_in=B01')","ClassExam(letter='S.', link='https://weblprod1.wheatonma.edu/PROD/bzcrschd.P_DispExamInfo?exam_code=S.&course=ENG-060 B01&term_code=201520&term_desc=Spring 2015&crn=10345')",Writing for Multilingual Stud,10345,['M 2:00 PM - 3:20 PM'],['Meneely Hall 304'],"[ClassInstructor(name='Sarhan Salvatore, Angie', link='https://wheatoncollege.edu/academics/faculty-directory/angie-sarhan/')]",,,,[],https://www.bkstr.com/webapp/wcs/stores/servlet/booklookServlet?bookstore_id-1=525&term_id-1=Spring+2015&div-1=&dept-1=ENG&course-1=060&section-1=B01,"SeatInfo(max='Max Enroll: 12', taken='Max Enroll: 12', avail='Max Enroll: 12', wait_list='Max Enroll: 12')",Limited to 12 (.50 Credit). ,Monday 2:00  - 3:20 
195,ENG,"ClassNumber(num='ENG-060 B02', link='https://weblprod1.wheatonma.edu/PROD/bzcrschd.P_ViewCourseDescription?term_in=201520&subj_code_in=ENG&crse_numb_in=060&crn_in=10346&seq_numb_in=B02')","ClassExam(letter='S.', link='https://weblprod1.wheatonma.edu/PROD/bzcrschd.P_DispExamInfo?exam_code=S.&course=ENG-060 B02&term_code=201520&term_desc=Spring 2015&crn=10346')",Writing for Multilingual Stud,10346,['W 12:30 PM - 1:50 PM'],['Meneely Hall 103'],"[ClassInstructor(name='Sarhan Salvatore, Angie', link='https://wheatoncollege.edu/academics/faculty-directory/angie-sarhan/')]",,,,[],https://www.bkstr.com/webapp/wcs/stores/servlet/booklookServlet?bookstore_id-1=525&term_id-1=Spring+2015&div-1=&dept-1=ENG&course-1=060&section-1=B02,"SeatInfo(max='Max Enroll: 12', taken='Max Enroll: 12', avail='Max Enroll: 12', wait_list='Max Enroll: 12')",Limited to 12 (.50 Credit). ,Wednesday 12:30  - 1:50 
196,ENG,"ClassNumber(num='ENG-060 B03', link='https://weblprod1.wheatonma.edu/PROD/bzcrschd.P_ViewCourseDescription?term_in=201520&subj_code_in=ENG&crse_numb_in=060&crn_in=10347&seq_numb_in=B03')","ClassExam(letter='S.', link='https://weblprod1.wheatonma.edu/PROD/bzcrschd.P_DispExamInfo?exam_code=S.&course=ENG-060 B03&term_code=201520&term_desc=Spring 2015&crn=10347')",Writing for Multilingual Stud,10347,['T 9:30 AM - 10:50 AM'],['Meneely Hall 303'],"[ClassInstructor(name='Foley, Ruth E.', link='https://wheatoncollege.edu/academics/faculty-directory/Ruth-Foley/')]",,,,[],https://www.bkstr.com/webapp/wcs/stores/servlet/booklookServlet?bookstore_id-1=525&term_id-1=Spring+2015&div-1=&dept-1=ENG&course-1=060&section-1=B03,"SeatInfo(max='Max Enroll: 12', taken='Max Enroll: 12', avail='Max Enroll: 12', wait_list='Max Enroll: 12')",Limited to 12 (.50 Credit). ,Tuesday 9:30  - 10:50 
197,ENG,"ClassNumber(num='ENG-099 B01', link='https://weblprod1.wheatonma.edu/PROD/bzcrschd.P_ViewCourseDescription?term_in=201520&subj_code_in=ENG&crse_numb_in=099&crn_in=10562&seq_numb_in=B01')","ClassExam(letter='J.', link='https://weblprod1.wheatonma.edu/PROD/bzcrschd.P_DispExamInfo?exam_code=J.&course=ENG-099 B01&term_code=201520&term_desc=Spring 2015&crn=10562')",Ind Stdy: Linguistic Pedagogy,10562,['TBA'],['Location info TBA'],"[ClassInstructor(name='Drout, Michael D.', link='https://wheatoncollege.edu/academics/faculty-directory/Michael-Drout/')]",,,,[],https://www.bkstr.com/webapp/wcs/stores/servlet/booklookServlet?bookstore_id-1=525&term_id-1=Spring+2015&div-1=&dept-1=ENG&course-1=099&section-1=B01,"SeatInfo(max='Max Enroll: 1', taken='Max Enroll: 1', avail='Max Enroll: 1', wait_list='Max Enroll: 1')",Permission of Instructor (.50 credit). ,
198,ENG,"ClassNumber(num='ENG-099 B02', link='https://weblprod1.wheatonma.edu/PROD/bzcrschd.P_ViewCourseDescription?term_in=201520&subj_code_in=ENG&crse_numb_in=099&crn_in=10662&seq_numb_in=B02')","ClassExam(letter='J.', link='https://weblprod1.wheatonma.edu/PROD/bzcrschd.P_DispExamInfo?exam_code=J.&course=ENG-099 B02&term_code=201520&term_desc=Spring 2015&crn=10662')",Ind Stdy: Gothic,10662,['TBA'],['Location info TBA'],"[ClassInstructor(name='Drout, Michael D.', link='https://wheatoncollege.edu/academics/faculty-directory/Michael-Drout/')]",,,,[],https://www.bkstr.com/webapp/wcs/stores/servlet/booklookServlet?bookstore_id-1=525&term_id-1=Spring+2015&div-1=&dept-1=ENG&course-1=099&section-1=B02,"SeatInfo(max='Max Enroll: 1', taken='Max Enroll: 1', avail='Max Enroll: 1', wait_list='Max Enroll: 1')",Permission of Instructor (.50 credit). ,
199,ENG,"ClassNumber(num='ENG-101 B19', link='https://weblprod1.wheatonma.edu/PROD/bzcrschd.P_ViewCourseDescription?term_in=201520&subj_code_in=ENG&crse_numb_in=101&crn_in=10348&seq_numb_in=B19')","ClassExam(letter='S.', link='https://weblprod1.wheatonma.edu/PROD/bzcrschd.P_DispExamInfo?exam_code=S.&course=ENG-101 B19&term_code=201520&term_desc=Spring 2015&crn=10348')",Writing: Multicultural Lives,10348,['M W F 9:30 AM - 10:20 AM'],['Meneely Hall 103'],"[ClassInstructor(name='Foley, Ruth E.', link='https://wheatoncollege.edu/academics/faculty-directory/Ruth-Foley/')]",WR,,,[],https://www.bkstr.com/webapp/wcs/stores/servlet/booklookServlet?bookstore_id-1=525&term_id-1=Spring+2015&div-1=&dept-1=ENG&course-1=101&section-1=B19,"SeatInfo(max='Max Enroll: 16', taken='Max Enroll: 16', avail='Max Enroll: 16', wait_list='Max Enroll: 16')",Students may receive graduation credit for two of these sections.  Students with advanced placement (AP) credit in English from secondary school should normally plan to take a 200-level course. Limited to 16. ,Monday Wednesday Friday 9:30  - 10:20 
200,ENG,"ClassNumber(num='ENG-101 B20', link='https://weblprod1.wheatonma.edu/PROD/bzcrschd.P_ViewCourseDescription?term_in=201520&subj_code_in=ENG&crse_numb_in=101&crn_in=10349&seq_numb_in=B20')","ClassExam(letter='R.', link='https://weblprod1.wheatonma.edu/PROD/bzcrschd.P_DispExamInfo?exam_code=R.&course=ENG-101 B20&term_code=201520&term_desc=Spring 2015&crn=10349')",Writing: Journalistic,10349,['M W F 10:30 AM - 11:20 AM'],['Meneely Hall 103'],"[ClassInstructor(name='Espiritu-Charara, Talitha C.', link='https://wheatoncollege.edu/academics/faculty-directory/Talitha-Espiritu/')]",WR,,,[],https://www.bkstr.com/webapp/wcs/stores/servlet/booklookServlet?bookstore_id-1=525&term_id-1=Spring+2015&div-1=&dept-1=ENG&course-1=101&section-1=B20,"SeatInfo(max='Max Enroll: 16', taken='Max Enroll: 16', avail='Max Enroll: 16', wait_list='Max Enroll: 16')",Students may receive graduation credit for two of these sections.  Students with advanced placement (AP) credit in English from secondary school should normally plan to take a 200-level course. Limited to 16. ,Monday Wednesday Friday 10:30  - 11:20 
201,ENG,"ClassNumber(num='ENG-101 B21', link='https://weblprod1.wheatonma.edu/PROD/bzcrschd.P_ViewCourseDescription?term_in=201520&subj_code_in=ENG&crse_numb_in=101&crn_in=10350&seq_numb_in=B21')","ClassExam(letter='S.', link='https://weblprod1.wheatonma.edu/PROD/bzcrschd.P_DispExamInfo?exam_code=S.&course=ENG-101 B21&term_code=201520&term_desc=Spring 2015&crn=10350')",Writing: Pop Culture,10350,['M W F 11:30 AM - 12:20 PM'],['Meneely Hall 103'],"[ClassInstructor(name='Roberson, Miranda', link='https://wheatoncollege.edu/academics/faculty-directory/Miranda-Roberson/')]",WR,,,[],https://www.bkstr.com/webapp/wcs/stores/servlet/booklookServlet?bookstore_id-1=525&term_id-1=Spring+2015&div-1=&dept-1=ENG&course-1=101&section-1=B21,"SeatInfo(max='Max Enroll: 16', taken='Max Enroll: 16', avail='Max Enroll: 16', wait_list='Max Enroll: 16')",Students may receive graduation credit for two of these sections.  Students with advanced placement (AP) credit in English from secondary school should normally plan to take a 200-level course. Limited to 16. ,Monday Wednesday Friday 11:30  - 12:20 
202,ENG,"ClassNumber(num='ENG-101 B22', link='https://weblprod1.wheatonma.edu/PROD/bzcrschd.P_ViewCourseDescription?term_in=201520&subj_code_in=ENG&crse_numb_in=101&crn_in=10351&seq_numb_in=B22')","ClassExam(letter='S.', link='https://weblprod1.wheatonma.edu/PROD/bzcrschd.P_DispExamInfo?exam_code=S.&course=ENG-101 B22&term_code=201520&term_desc=Spring 2015&crn=10351')",Writing: Math & Science,10351,['M W 12:30 PM - 1:50 PM'],['Science Center 1313'],"[ClassInstructor(name='Drout, Michael D.', link='https://wheatoncollege.edu/academics/faculty-directory/Michael-Drout/')]",WR,,,"[ClassConx(num='2031', link='https://weblprod1.wheatonma.edu/PROD/bzcrschd.P_ViewCourseDescription?term_in=201520&subj_code_in=CONX&crse_numb_in=20031&crn_in=&seq_numb_in=')]",https://www.bkstr.com/webapp/wcs/stores/servlet/booklookServlet?bookstore_id-1=525&term_id-1=Spring+2015&div-1=&dept-1=ENG&course-1=101&section-1=B22,"SeatInfo(max='Max Enroll: 16', taken='Max Enroll: 16', avail='Max Enroll: 16', wait_list='Max Enroll: 16')","Permission of the Office of the Registrar. Limited to 16. Student must be enrolled in the Fall for the First Year Seminar section A03, The Edge of Reason. ",Monday Wednesday 12:30  - 1:50 
203,ENG,"ClassNumber(num='ENG-101 B23', link='https://weblprod1.wheatonma.edu/PROD/bzcrschd.P_ViewCourseDescription?term_in=201520&subj_code_in=ENG&crse_numb_in=101&crn_in=10352&seq_numb_in=B23')","ClassExam(letter='S.', link='https://weblprod1.wheatonma.edu/PROD/bzcrschd.P_DispExamInfo?exam_code=S.&course=ENG-101 B23&term_code=201520&term_desc=Spring 2015&crn=10352')",Writing: Film,10352,['M W 2:00 PM - 3:20 PM'],['Meneely Hall 307'],"[ClassInstructor(name='Byrne, James P.', link='https://wheatoncollege.edu/academics/faculty-directory/james-patrick-byrne/')]",WR,,,[],https://www.bkstr.com/webapp/wcs/stores/servlet/booklookServlet?bookstore_id-1=525&term_id-1=Spring+2015&div-1=&dept-1=ENG&course-1=101&section-1=B23,"SeatInfo(max='Max Enroll: 16', taken='Max Enroll: 16', avail='Max Enroll: 16', wait_list='Max Enroll: 16')",Students may receive graduation credit for two of these sections.  Students with advanced placement (AP) credit in English from secondary school should normally plan to take a 200-level course. Limited to 16. ,Monday Wednesday 2:00  - 3:20 
204,ENG,"ClassNumber(num='ENG-101 B24', link='https://weblprod1.wheatonma.edu/PROD/bzcrschd.P_ViewCourseDescription?term_in=201520&subj_code_in=ENG&crse_numb_in=101&crn_in=10353&seq_numb_in=B24')","ClassExam(letter='S.', link='https://weblprod1.wheatonma.edu/PROD/bzcrschd.P_DispExamInfo?exam_code=S.&course=ENG-101 B24&term_code=201520&term_desc=Spring 2015&crn=10353')",Writing: About Failure,10353,['T R 9:30 AM - 10:50 AM'],['Meneely Hall 103'],"[ClassInstructor(name='Roberson, Miranda', link='https://wheatoncollege.edu/academics/faculty-directory/Miranda-Roberson/')]",WR,,,[],https://www.bkstr.com/webapp/wcs/stores/servlet/booklookServlet?bookstore_id-1=525&term_id-1=Spring+2015&div-1=&dept-1=ENG&course-1=101&section-1=B24,"SeatInfo(max='Max Enroll: 16', taken='Max Enroll: 16', avail='Max Enroll: 16', wait_list='Max Enroll: 16')",Students may receive graduation credit for two of these sections.  Students with advanced placement (AP) credit in English from secondary school should normally plan to take a 200-level course. Limited to 16. ,Tuesday Thursday 9:30  - 10:50 
205,ENG,"ClassNumber(num='ENG-101 B25', link='https://weblprod1.wheatonma.edu/PROD/bzcrschd.P_ViewCourseDescription?term_in=201520&subj_code_in=ENG&crse_numb_in=101&crn_in=10354&seq_numb_in=B25')","ClassExam(letter='S.', link='https://weblprod1.wheatonma.edu/PROD/bzcrschd.P_DispExamInfo?exam_code=S.&course=ENG-101 B25&term_code=201520&term_desc=Spring 2015&crn=10354')",Writing: Flash Fiction,10354,['T R 11:00 AM - 12:20 PM'],['Meneely Hall 306'],"[ClassInstructor(name='Bryant, Deyonne T.', link='https://wheatoncollege.edu/academics/faculty-directory/Deyonne-Bryant/')]",WR,,,[],https://www.bkstr.com/webapp/wcs/stores/servlet/booklookServlet?bookstore_id-1=525&term_id-1=Spring+2015&div-1=&dept-1=ENG&course-1=101&section-1=B25,"SeatInfo(max='Max Enroll: 16', taken='Max Enroll: 16', avail='Max Enroll: 16', wait_list='Max Enroll: 16')",Students may receive graduation credit for two of these sections.  Students with advanced placement (AP) credit in English from secondary school should normally plan to take a 200-level course. Limited to 16. ,Tuesday Thursday 11:00  - 12:20 
206,ENG,"ClassNumber(num='ENG-101 B26', link='https://weblprod1.wheatonma.edu/PROD/bzcrschd.P_ViewCourseDescription?term_in=201520&subj_code_in=ENG&crse_numb_in=101&crn_in=10355&seq_numb_in=B26')","ClassExam(letter='S.', link='https://weblprod1.wheatonma.edu/PROD/bzcrschd.P_DispExamInfo?exam_code=S.&course=ENG-101 B26&term_code=201520&term_desc=Spring 2015&crn=10355')",Writing: Power,10355,['T R 12:30 PM - 1:50 PM'],['Meneely Hall 201'],"[ClassInstructor(name='Andrade, Priscilla', link='https://wheatoncollege.edu/academics/faculty-directory/Priscilla-Andrade/')]",WR,,,[],https://www.bkstr.com/webapp/wcs/stores/servlet/booklookServlet?bookstore_id-1=525&term_id-1=Spring+2015&div-1=&dept-1=ENG&course-1=101&section-1=B26,"SeatInfo(max='Max Enroll: 16', taken='Max Enroll: 16', avail='Max Enroll: 16', wait_list='Max Enroll: 16')",Students may receive graduation credit for two of these sections.  Students with advanced placement (AP) credit in English from secondary school should normally plan to take a 200-level course. Limited to 16. ,Tuesday Thursday 12:30  - 1:50 
207,ENG,"ClassNumber(num='ENG-101 B27', link='https://weblprod1.wheatonma.edu/PROD/bzcrschd.P_ViewCourseDescription?term_in=201520&subj_code_in=ENG&crse_numb_in=101&crn_in=10356&seq_numb_in=B27')","ClassExam(letter='O.', link='https://weblprod1.wheatonma.edu/PROD/bzcrschd.P_DispExamInfo?exam_code=O.&course=ENG-101 B27&term_code=201520&term_desc=Spring 2015&crn=10356')",Writing: Explorations,10356,['T R 2:00 PM - 3:20 PM'],['Meneely Hall 103'],"[ClassInstructor(name='Ward-de Leon, Claudia', link='https://wheatoncollege.edu/academics/faculty-directory/Claudia-Ward-de Leon/')]",WR,,,[],https://www.bkstr.com/webapp/wcs/stores/servlet/booklookServlet?bookstore_id-1=525&term_id-1=Spring+2015&div-1=&dept-1=ENG&course-1=101&section-1=B27,"SeatInfo(max='Max Enroll: 16', taken='Max Enroll: 16', avail='Max Enroll: 16', wait_list='Max Enroll: 16')",Students may receive graduation credit for two of these sections.  Students with advanced placement (AP) credit in English from secondary school should normally plan to take a 200-level course. Limited to 16. ,Tuesday Thursday 2:00  - 3:20 
208,ENG,"ClassNumber(num='ENG-101 B28', link='https://weblprod1.wheatonma.edu/PROD/bzcrschd.P_ViewCourseDescription?term_in=201520&subj_code_in=ENG&crse_numb_in=101&crn_in=10600&seq_numb_in=B28')","ClassExam(letter='S.', link='https://weblprod1.wheatonma.edu/PROD/bzcrschd.P_DispExamInfo?exam_code=S.&course=ENG-101 B28&term_code=201520&term_desc=Spring 2015&crn=10600')",Writing: Reading,10600,['M W 2:00 PM - 3:20 PM'],['Meneely Hall 302'],"[ClassInstructor(name='Conway, Katherine', link='https://wheatoncollege.edu/academics/faculty-directory/Katherine-Conway/')]",WR,,,[],https://www.bkstr.com/webapp/wcs/stores/servlet/booklookServlet?bookstore_id-1=525&term_id-1=Spring+2015&div-1=&dept-1=ENG&course-1=101&section-1=B28,"SeatInfo(max='Max Enroll: 16', taken='Max Enroll: 16', avail='Max Enroll: 16', wait_list='Max Enroll: 16')",Students may receive graduation credit for two of these sections.  Students with advanced placement (AP) credit in English from secondary school should normally plan to take a 200-level course. Limited to 16. ,Monday Wednesday 2:00  - 3:20 
209,ENG,"ClassNumber(num='ENG-198 B', link='https://weblprod1.wheatonma.edu/PROD/bzcrschd.P_ViewCourseDescription?term_in=201520&subj_code_in=ENG&crse_numb_in=198&crn_in=10726&seq_numb_in=B')","ClassExam(letter='J.', link='https://weblprod1.wheatonma.edu/PROD/bzcrschd.P_DispExamInfo?exam_code=J.&course=ENG-198 B&term_code=201520&term_desc=Spring 2015&crn=10726')",Folk Literature,10726,['TBA'],['Location info TBA'],"[ClassInstructor(name='Wyss, Brenda', link='https://wheatoncollege.edu/academics/faculty-directory/Brenda-Wyss/')]",,,,[],https://www.bkstr.com/webapp/wcs/stores/servlet/booklookServlet?bookstore_id-1=525&term_id-1=Spring+2015&div-1=&dept-1=ENG&course-1=198&section-1=B,"SeatInfo(max='Max Enroll: 20', taken='Max Enroll: 20', avail='Max Enroll: 20', wait_list='Max Enroll: 20')",Wheaton study abroad. Course taught in Bhutan. Limited to 20. ,
210,ENG,"ClassNumber(num='ENG-224 B', link='https://weblprod1.wheatonma.edu/PROD/bzcrschd.P_ViewCourseDescription?term_in=201520&subj_code_in=ENG&crse_numb_in=224&crn_in=10367&seq_numb_in=B')","ClassExam(letter='S.', link='https://weblprod1.wheatonma.edu/PROD/bzcrschd.P_DispExamInfo?exam_code=S.&course=ENG-224 B&term_code=201520&term_desc=Spring 2015&crn=10367')",18th Cent Lit & Culture,10367,['T R 11:00 AM - 12:20 PM'],['Meneely Hall 201'],"[ClassInstructor(name='Werner, Winter J.', link='https://wheatoncollege.edu/academics/faculty-directory/winter-jade-werner/')]",,DVAH,ARHM,[],https://www.bkstr.com/webapp/wcs/stores/servlet/booklookServlet?bookstore_id-1=525&term_id-1=Spring+2015&div-1=&dept-1=ENG&course-1=224&section-1=B,"SeatInfo(max='Max Enroll: 35', taken='Max Enroll: 35', avail='Max Enroll: 35', wait_list='Max Enroll: 35')",Prerequesite: ENG 101 or AP English credit.  Limited to 35. ,Tuesday Thursday 11:00  - 12:20 
211,ENG,"ClassNumber(num='ENG-231 B', link='https://weblprod1.wheatonma.edu/PROD/bzcrschd.P_ViewCourseDescription?term_in=201520&subj_code_in=ENG&crse_numb_in=231&crn_in=10371&seq_numb_in=B')","ClassExam(letter='R.', link='https://weblprod1.wheatonma.edu/PROD/bzcrschd.P_DispExamInfo?exam_code=R.&course=ENG-231 B&term_code=201520&term_desc=Spring 2015&crn=10371')",Introduction to New Media,10371,['T R 3:30 PM - 4:50 PM'],['Knapton Hall LEC'],"[ClassInstructor(name='Stenger, Josh A.', link='https://wheatoncollege.edu/academics/faculty-directory/Josh-Stenger/')]",,DVAH,ARHM,"[ClassConx(num='2095', link='https://weblprod1.wheatonma.edu/PROD/bzcrschd.P_ViewCourseDescription?term_in=201520&subj_code_in=CONX&crse_numb_in=20095&crn_in=&seq_numb_in=')]",https://www.bkstr.com/webapp/wcs/stores/servlet/booklookServlet?bookstore_id-1=525&term_id-1=Spring+2015&div-1=&dept-1=ENG&course-1=231&section-1=B,"SeatInfo(max='Max Enroll: 35', taken='Max Enroll: 35', avail='Max Enroll: 35', wait_list='Max Enroll: 35')",Cross-listed with FNMS 231. Limited to 35. ,Tuesday Thursday 3:30  - 4:50 
212,ENG,"ClassNumber(num='ENG-232 B', link='https://weblprod1.wheatonma.edu/PROD/bzcrschd.P_ViewCourseDescription?term_in=201520&subj_code_in=ENG&crse_numb_in=232&crn_in=10369&seq_numb_in=B')","ClassExam(letter='U.', link='https://weblprod1.wheatonma.edu/PROD/bzcrschd.P_DispExamInfo?exam_code=U.&course=ENG-232 B&term_code=201520&term_desc=Spring 2015&crn=10369')",Romantic Reveries & Rev Vision,10369,['T R 12:30 PM - 1:50 PM'],['Meneely Hall 302'],"[ClassInstructor(name='Coale V, Samuel C.', link='https://wheatoncollege.edu/academics/faculty-directory/Samuel-Coale/')]",,DVAH,ARHM,[],https://www.bkstr.com/webapp/wcs/stores/servlet/booklookServlet?bookstore_id-1=525&term_id-1=Spring+2015&div-1=&dept-1=ENG&course-1=232&section-1=B,"SeatInfo(max='Max Enroll: 35', taken='Max Enroll: 35', avail='Max Enroll: 35', wait_list='Max Enroll: 35')",Prerequisite: ENG 101 or AP English credit.  Limited to 35. ,Tuesday Thursday 12:30  - 1:50 
213,ENG,"ClassNumber(num='ENG-241 B', link='https://weblprod1.wheatonma.edu/PROD/bzcrschd.P_ViewCourseDescription?term_in=201520&subj_code_in=ENG&crse_numb_in=241&crn_in=10361&seq_numb_in=B')","ClassExam(letter='S.', link='https://weblprod1.wheatonma.edu/PROD/bzcrschd.P_DispExamInfo?exam_code=S.&course=ENG-241 B&term_code=201520&term_desc=Spring 2015&crn=10361')",Modern Drama,10361,['M W F 10:30 AM - 11:20 AM'],['Meneely Hall 208'],"[ClassInstructor(name='Sharifian, Hesamedin', link='https://wheatoncollege.edu/academics/faculty-directory/Hesamedin-Sharifian/')]",,DVAH,ARHM,[],https://www.bkstr.com/webapp/wcs/stores/servlet/booklookServlet?bookstore_id-1=525&term_id-1=Spring+2015&div-1=&dept-1=ENG&course-1=241&section-1=B,"SeatInfo(max='Max Enroll: 35', taken='Max Enroll: 35', avail='Max Enroll: 35', wait_list='Max Enroll: 35')",Prerequisite: ENG 101 or AP English credit.  Limited to 35. ,Monday Wednesday Friday 10:30  - 11:20 
214,ENG,"ClassNumber(num='ENG-255 B', link='https://weblprod1.wheatonma.edu/PROD/bzcrschd.P_ViewCourseDescription?term_in=201520&subj_code_in=ENG&crse_numb_in=255&crn_in=10363&seq_numb_in=B')","ClassExam(letter='S.', link='https://weblprod1.wheatonma.edu/PROD/bzcrschd.P_DispExamInfo?exam_code=S.&course=ENG-255 B&term_code=201520&term_desc=Spring 2015&crn=10363')",Cultural Diversity in Amer Lit,10363,['M W F 11:30 AM - 12:20 PM'],['Meneely Hall 205'],"[ClassInstructor(name='Byrne, James P.', link='https://wheatoncollege.edu/academics/faculty-directory/james-patrick-byrne/')]",,DVAH,ARHM,[],https://www.bkstr.com/webapp/wcs/stores/servlet/booklookServlet?bookstore_id-1=525&term_id-1=Spring+2015&div-1=&dept-1=ENG&course-1=255&section-1=B,"SeatInfo(max='Max Enroll: 35', taken='Max Enroll: 35', avail='Max Enroll: 35', wait_list='Max Enroll: 35')",Prerequisite: ENG 101 or AP English credit.  Limited to 35. ,Monday Wednesday Friday 11:30  - 12:20 
215,ENG,"ClassNumber(num='ENG-271 B', link='https://weblprod1.wheatonma.edu/PROD/bzcrschd.P_ViewCourseDescription?term_in=201520&subj_code_in=ENG&crse_numb_in=271&crn_in=10372&seq_numb_in=B')","ClassExam(letter='S.', link='https://weblprod1.wheatonma.edu/PROD/bzcrschd.P_DispExamInfo?exam_code=S.&course=ENG-271 B&term_code=201520&term_desc=Spring 2015&crn=10372')",Nineteenth Century Narrative,10372,['T R 3:30 PM - 4:50 PM'],['Meneely Hall 201'],"[ClassInstructor(name='Werner, Winter J.', link='https://wheatoncollege.edu/academics/faculty-directory/winter-jade-werner/')]",,DVAH,ARHM,[],https://www.bkstr.com/webapp/wcs/stores/servlet/booklookServlet?bookstore_id-1=525&term_id-1=Spring+2015&div-1=&dept-1=ENG&course-1=271&section-1=B,"SeatInfo(max='Max Enroll: 35', taken='Max Enroll: 35', avail='Max Enroll: 35', wait_list='Max Enroll: 35')",Prerequisite: ENG 101 or AP English credit.  Limited to 35. ,Tuesday Thursday 3:30  - 4:50 
216,ENG,"ClassNumber(num='ENG-272 B', link='https://weblprod1.wheatonma.edu/PROD/bzcrschd.P_ViewCourseDescription?term_in=201520&subj_code_in=ENG&crse_numb_in=272&crn_in=10358&seq_numb_in=B')","ClassExam(letter='R.', link='https://weblprod1.wheatonma.edu/PROD/bzcrschd.P_DispExamInfo?exam_code=R.&course=ENG-272 B&term_code=201520&term_desc=Spring 2015&crn=10358')",Romancing the Novel,10358,['M W F 9:30 AM - 10:20 AM'],['Meneely Hall 209'],"[ClassInstructor(name='Clark, Beverly L.', link='https://wheatoncollege.edu/academics/faculty-directory/beverly-lyon-clark/')]",,DVAH,ARHM,"[ClassConx(num='2306', link='https://weblprod1.wheatonma.edu/PROD/bzcrschd.P_ViewCourseDescription?term_in=201520&subj_code_in=CONX&crse_numb_in=23006&crn_in=&seq_numb_in=')]",https://www.bkstr.com/webapp/wcs/stores/servlet/booklookServlet?bookstore_id-1=525&term_id-1=Spring+2015&div-1=&dept-1=ENG&course-1=272&section-1=B,"SeatInfo(max='Max Enroll: 35', taken='Max Enroll: 35', avail='Max Enroll: 35', wait_list='Max Enroll: 35')",Permission of Instructor. ,Monday Wednesday Friday 9:30  - 10:20 
217,ENG,"ClassNumber(num='ENG-273 B', link='https://weblprod1.wheatonma.edu/PROD/bzcrschd.P_ViewCourseDescription?term_in=201520&subj_code_in=ENG&crse_numb_in=273&crn_in=10360&seq_numb_in=B')","ClassExam(letter='S.', link='https://weblprod1.wheatonma.edu/PROD/bzcrschd.P_DispExamInfo?exam_code=S.&course=ENG-273 B&term_code=201520&term_desc=Spring 2015&crn=10360')",Early Modern Drama,10360,['M W F 9:30 AM - 10:20 AM'],['Meneely Hall 201'],"[ClassInstructor(name='Conway, Katherine', link='https://wheatoncollege.edu/academics/faculty-directory/Katherine-Conway/')]",,DVAH,ARHM,[],https://www.bkstr.com/webapp/wcs/stores/servlet/booklookServlet?bookstore_id-1=525&term_id-1=Spring+2015&div-1=&dept-1=ENG&course-1=273&section-1=B,"SeatInfo(max='Max Enroll: 35', taken='Max Enroll: 35', avail='Max Enroll: 35', wait_list='Max Enroll: 35')",Prerequisite: ENG 101 or AP English credit.  Limited to 35. ,Monday Wednesday Friday 9:30  - 10:20 
218,ENG,"ClassNumber(num='ENG-285 B', link='https://weblprod1.wheatonma.edu/PROD/bzcrschd.P_ViewCourseDescription?term_in=201520&subj_code_in=ENG&crse_numb_in=285&crn_in=10366&seq_numb_in=B')","ClassExam(letter='R.', link='https://weblprod1.wheatonma.edu/PROD/bzcrschd.P_DispExamInfo?exam_code=R.&course=ENG-285 B&term_code=201520&term_desc=Spring 2015&crn=10366')",Journalism,10366,['T R 7:00 PM - 8:20 PM'],['Meneely Hall 102'],"[ClassInstructor(name='Nesi, Edward A.', link='https://wheatoncollege.edu/academics/faculty-directory/Edward-Nesi/')]",,DVAH,ARHM,[],https://www.bkstr.com/webapp/wcs/stores/servlet/booklookServlet?bookstore_id-1=525&term_id-1=Spring+2015&div-1=&dept-1=ENG&course-1=285&section-1=B,"SeatInfo(max='Max Enroll: 20', taken='Max Enroll: 20', avail='Max Enroll: 20', wait_list='Max Enroll: 20')","Cross-listed with FNMS 285. Open to Sophomores, Juniors and Seniors. Limited to 20. ",Tuesday Thursday 7:00  - 8:20 
219,ENG,"ClassNumber(num='ENG-286 B', link='https://weblprod1.wheatonma.edu/PROD/bzcrschd.P_ViewCourseDescription?term_in=201520&subj_code_in=ENG&crse_numb_in=286&crn_in=10364&seq_numb_in=B')","ClassExam(letter='H.', link='https://weblprod1.wheatonma.edu/PROD/bzcrschd.P_DispExamInfo?exam_code=H.&course=ENG-286 B&term_code=201520&term_desc=Spring 2015&crn=10364')",Children's Literature,10364,['M W 12:30 PM - 1:50 PM'],['Meneely Hall 209'],"[ClassInstructor(name='Clark, Beverly L.', link='https://wheatoncollege.edu/academics/faculty-directory/beverly-lyon-clark/')]",,DVAH,ARHM,"[ClassConx(num='2012', link='https://weblprod1.wheatonma.edu/PROD/bzcrschd.P_ViewCourseDescription?term_in=201520&subj_code_in=CONX&crse_numb_in=20012&crn_in=&seq_numb_in='), ClassConx(num='2090', link='https://weblprod1.wheatonma.edu/PROD/bzcrschd.P_ViewCourseDescription?term_in=201520&subj_code_in=CONX&crse_numb_in=20090&crn_in=&seq_numb_in=')]",https://www.bkstr.com/webapp/wcs/stores/servlet/booklookServlet?bookstore_id-1=525&term_id-1=Spring+2015&div-1=&dept-1=ENG&course-1=286&section-1=B,"SeatInfo(max='Max Enroll: 45', taken='Max Enroll: 45', avail='Max Enroll: 45', wait_list='Max Enroll: 45')",Permission of Instructor. ,Monday Wednesday 12:30  - 1:50 
220,ENG,"ClassNumber(num='ENG-290 B', link='https://weblprod1.wheatonma.edu/PROD/bzcrschd.P_ViewCourseDescription?term_in=201520&subj_code_in=ENG&crse_numb_in=290&crn_in=10365&seq_numb_in=B')","ClassExam(letter='K.', link='https://weblprod1.wheatonma.edu/PROD/bzcrschd.P_DispExamInfo?exam_code=K.&course=ENG-290 B&term_code=201520&term_desc=Spring 2015&crn=10365')",Approaches to Lit and Culture,10365,['M W 2:00 PM - 3:20 PM'],['Meneely Hall 209'],"[ClassInstructor(name='Buck, Claire E.', link='https://wheatoncollege.edu/academics/faculty-directory/Claire-Buck/')]",,DVAH,ARHM,[],https://www.bkstr.com/webapp/wcs/stores/servlet/booklookServlet?bookstore_id-1=525&term_id-1=Spring+2015&div-1=&dept-1=ENG&course-1=290&section-1=B,"SeatInfo(max='Max Enroll: 35', taken='Max Enroll: 35', avail='Max Enroll: 35', wait_list='Max Enroll: 35')","Cross-listed with FNMS 290. Prerequisite: One course in English above ENG 101. Majors are urged to take it in the Sophomore year, but open to Seniors and Juniors. Not open to First Year Students. Limited to 35. ",Monday Wednesday 2:00  - 3:20 
221,ENG,"ClassNumber(num='ENG-298 B01', link='https://weblprod1.wheatonma.edu/PROD/bzcrschd.P_ViewCourseDescription?term_in=201520&subj_code_in=ENG&crse_numb_in=298&crn_in=10370&seq_numb_in=B01')","ClassExam(letter='R.', link='https://weblprod1.wheatonma.edu/PROD/bzcrschd.P_DispExamInfo?exam_code=R.&course=ENG-298 B01&term_code=201520&term_desc=Spring 2015&crn=10370')",Advanced Writing,10370,['T R 2:00 PM - 3:20 PM'],['Meneely Hall 205'],"[ClassInstructor(name='Lebduska, Lisa T.', link='https://wheatoncollege.edu/academics/faculty-directory/Lisa-Lebduska/')]",,,,[],https://www.bkstr.com/webapp/wcs/stores/servlet/booklookServlet?bookstore_id-1=525&term_id-1=Spring+2015&div-1=&dept-1=ENG&course-1=298&section-1=B01,"SeatInfo(max='Max Enroll: 20', taken='Max Enroll: 20', avail='Max Enroll: 20', wait_list='Max Enroll: 20')",Prerequisite: ENG 101 or AP English credit. Cross-listed with FNMS 298-B04. Limited to 20. ,Tuesday Thursday 2:00  - 3:20 
222,ENG,"ClassNumber(num='ENG-299 B01', link='https://weblprod1.wheatonma.edu/PROD/bzcrschd.P_ViewCourseDescription?term_in=201520&subj_code_in=ENG&crse_numb_in=299&crn_in=10663&seq_numb_in=B01')","ClassExam(letter='J.', link='https://weblprod1.wheatonma.edu/PROD/bzcrschd.P_DispExamInfo?exam_code=J.&course=ENG-299 B01&term_code=201520&term_desc=Spring 2015&crn=10663')",Ind Stdy: Linguistics,10663,['TBA'],['Location info TBA'],"[ClassInstructor(name='Drout, Michael D.', link='https://wheatoncollege.edu/academics/faculty-directory/Michael-Drout/')]",,,,[],https://www.bkstr.com/webapp/wcs/stores/servlet/booklookServlet?bookstore_id-1=525&term_id-1=Spring+2015&div-1=&dept-1=ENG&course-1=299&section-1=B01,"SeatInfo(max='Max Enroll: 1', taken='Max Enroll: 1', avail='Max Enroll: 1', wait_list='Max Enroll: 1')",Permission of Instructor. ,
223,ENG,"ClassNumber(num='ENG-313 B', link='https://weblprod1.wheatonma.edu/PROD/bzcrschd.P_ViewCourseDescription?term_in=201520&subj_code_in=ENG&crse_numb_in=313&crn_in=10375&seq_numb_in=B')","ClassExam(letter='S.', link='https://weblprod1.wheatonma.edu/PROD/bzcrschd.P_DispExamInfo?exam_code=S.&course=ENG-313 B&term_code=201520&term_desc=Spring 2015&crn=10375')",Early Modern English Poetry,10375,['M W 12:30 PM - 1:50 PM'],['Meneely Hall 304'],"[ClassInstructor(name='Conway, Katherine', link='https://wheatoncollege.edu/academics/faculty-directory/Katherine-Conway/')]",,DVAH,ARHM,[],https://www.bkstr.com/webapp/wcs/stores/servlet/booklookServlet?bookstore_id-1=525&term_id-1=Spring+2015&div-1=&dept-1=ENG&course-1=313&section-1=B,"SeatInfo(max='Max Enroll: 25', taken='Max Enroll: 25', avail='Max Enroll: 25', wait_list='Max Enroll: 25')","Open to Juniors and Seniors, or Permission of Instructor. Offered in alternate years.  Limited to 25. ",Monday Wednesday 12:30  - 1:50 
224,ENG,"ClassNumber(num='ENG-320 B', link='https://weblprod1.wheatonma.edu/PROD/bzcrschd.P_ViewCourseDescription?term_in=201520&subj_code_in=ENG&crse_numb_in=320&crn_in=10373&seq_numb_in=B')","ClassExam(letter='S.', link='https://weblprod1.wheatonma.edu/PROD/bzcrschd.P_DispExamInfo?exam_code=S.&course=ENG-320 B&term_code=201520&term_desc=Spring 2015&crn=10373')",Beowulf,10373,['M W F 10:30 AM - 11:20 AM'],['Meneely Hall 104'],"[ClassInstructor(name='Drout, Michael D.', link='https://wheatoncollege.edu/academics/faculty-directory/Michael-Drout/')]",,DVAH,ARHM,[],https://www.bkstr.com/webapp/wcs/stores/servlet/booklookServlet?bookstore_id-1=525&term_id-1=Spring+2015&div-1=&dept-1=ENG&course-1=320&section-1=B,"SeatInfo(max='Max Enroll: 25', taken='Max Enroll: 25', avail='Max Enroll: 25', wait_list='Max Enroll: 25')",Limited to 25. ,Monday Wednesday Friday 10:30  - 11:20 
225,ENG,"ClassNumber(num='ENG-346 B', link='https://weblprod1.wheatonma.edu/PROD/bzcrschd.P_ViewCourseDescription?term_in=201520&subj_code_in=ENG&crse_numb_in=346&crn_in=10377&seq_numb_in=B')","ClassExam(letter='U.', link='https://weblprod1.wheatonma.edu/PROD/bzcrschd.P_DispExamInfo?exam_code=U.&course=ENG-346 B&term_code=201520&term_desc=Spring 2015&crn=10377')",Contemporary American Fiction,10377,['T R 9:30 AM - 10:50 AM'],['Meneely Hall 306'],"[ClassInstructor(name='Coale V, Samuel C.', link='https://wheatoncollege.edu/academics/faculty-directory/Samuel-Coale/')]",,DVAH,ARHM,"[ClassConx(num='2059', link='https://weblprod1.wheatonma.edu/PROD/bzcrschd.P_ViewCourseDescription?term_in=201520&subj_code_in=CONX&crse_numb_in=20059&crn_in=&seq_numb_in=')]",https://www.bkstr.com/webapp/wcs/stores/servlet/booklookServlet?bookstore_id-1=525&term_id-1=Spring+2015&div-1=&dept-1=ENG&course-1=346&section-1=B,"SeatInfo(max='Max Enroll: 25', taken='Max Enroll: 25', avail='Max Enroll: 25', wait_list='Max Enroll: 25')",Limited to 25. ,Tuesday Thursday 9:30  - 10:50 
226,ENG,"ClassNumber(num='ENG-349 B', link='https://weblprod1.wheatonma.edu/PROD/bzcrschd.P_ViewCourseDescription?term_in=201520&subj_code_in=ENG&crse_numb_in=349&crn_in=10376&seq_numb_in=B')","ClassExam(letter='S.', link='https://weblprod1.wheatonma.edu/PROD/bzcrschd.P_DispExamInfo?exam_code=S.&course=ENG-349 B&term_code=201520&term_desc=Spring 2015&crn=10376')",Harlem Renaissance & Modernity,10376,['M W 3:30 PM - 4:50 PM'],['Meneely Hall 208'],"[ClassInstructor(name='Byrne, James P.', link='https://wheatoncollege.edu/academics/faculty-directory/james-patrick-byrne/')]",,DVAH,ARHM,[],https://www.bkstr.com/webapp/wcs/stores/servlet/booklookServlet?bookstore_id-1=525&term_id-1=Spring+2015&div-1=&dept-1=ENG&course-1=349&section-1=B,"SeatInfo(max='Max Enroll: 25', taken='Max Enroll: 25', avail='Max Enroll: 25', wait_list='Max Enroll: 25')",Limited to 25. ,Monday Wednesday 3:30  - 4:50 
227,ENG,"ClassNumber(num='ENG-355 B', link='https://weblprod1.wheatonma.edu/PROD/bzcrschd.P_ViewCourseDescription?term_in=201520&subj_code_in=ENG&crse_numb_in=355&crn_in=10399&seq_numb_in=B')","ClassExam(letter='R.', link='https://weblprod1.wheatonma.edu/PROD/bzcrschd.P_DispExamInfo?exam_code=R.&course=ENG-355 B&term_code=201520&term_desc=Spring 2015&crn=10399')",Global Cinemas,10399,"['M W 12:30 PM - 1:50 PM', 'M 7:00 PM - 10:00 PM']","['Watson Fine Arts Center 102', 'Meneely Hall 207']","[ClassInstructor(name='Espiritu-Charara, Talitha C.', link='https://wheatoncollege.edu/academics/faculty-directory/Talitha-Espiritu/')]",BW,DVAH,ARHM,[],https://www.bkstr.com/webapp/wcs/stores/servlet/booklookServlet?bookstore_id-1=525&term_id-1=Spring+2015&div-1=&dept-1=ENG&course-1=355&section-1=B,"SeatInfo(max='Max Enroll: 25', taken='Max Enroll: 25', avail='Max Enroll: 25', wait_list='Max Enroll: 25')",Cross-listed with FNMS 355. Prerequisites: ENG 258 or ENG 290 or Permission of Instructor. Limited to 25. ,Monday Wednesday 12:30  - 1:50  Monday 7:00  - 10:00 
228,ENG,"ClassNumber(num='ENG-357 B', link='https://weblprod1.wheatonma.edu/PROD/bzcrschd.P_ViewCourseDescription?term_in=201520&subj_code_in=ENG&crse_numb_in=357&crn_in=10522&seq_numb_in=B')","ClassExam(letter='S.', link='https://weblprod1.wheatonma.edu/PROD/bzcrschd.P_DispExamInfo?exam_code=S.&course=ENG-357 B&term_code=201520&term_desc=Spring 2015&crn=10522')",Cinema and the City,10522,['T R 11:00 AM - 12:20 PM'],['Watson Fine Arts Center 122'],"[ClassInstructor(name='Damluji, Mona', link='https://wheatoncollege.edu/academics/faculty-directory/Mona-Damluji/')]",,,,[],https://www.bkstr.com/webapp/wcs/stores/servlet/booklookServlet?bookstore_id-1=525&term_id-1=Spring+2015&div-1=&dept-1=ENG&course-1=357&section-1=B,"SeatInfo(max='Max Enroll: 0', taken='Max Enroll: 0', avail='Max Enroll: 0', wait_list='Max Enroll: 0')",Register under ARTH 398 B01. Cross-listed with ARTH 398-B01 and FNMS 398-B01. ,Tuesday Thursday 11:00  - 12:20 
229,ENG,"ClassNumber(num='ENG-401 B01', link='https://weblprod1.wheatonma.edu/PROD/bzcrschd.P_ViewCourseDescription?term_in=201520&subj_code_in=ENG&crse_numb_in=401&crn_in=10378&seq_numb_in=B01')","ClassExam(letter='S.', link='https://weblprod1.wheatonma.edu/PROD/bzcrschd.P_DispExamInfo?exam_code=S.&course=ENG-401 B01&term_code=201520&term_desc=Spring 2015&crn=10378')",Seminar,10378,['T 2:00 PM - 4:50 PM'],['Meneely Hall 304'],"[ClassInstructor(name='Christian, Shawn A.', link='https://wheatoncollege.edu/academics/faculty-directory/Shawn-Christian/')]",,,,[],https://www.bkstr.com/webapp/wcs/stores/servlet/booklookServlet?bookstore_id-1=525&term_id-1=Spring+2015&div-1=&dept-1=ENG&course-1=401&section-1=B01,"SeatInfo(max='Max Enroll: 12', taken='Max Enroll: 12', avail='Max Enroll: 12', wait_list='Max Enroll: 12')",Normally Open to Senior Majors.  Permission of Department Chair.  Limited to 12. ,Tuesday 2:00  - 4:50 
230,ENG,"ClassNumber(num='ENG-500 D01', link='https://weblprod1.wheatonma.edu/PROD/bzcrschd.P_ViewCourseDescription?term_in=201520&subj_code_in=ENG&crse_numb_in=500&crn_in=10563&seq_numb_in=D01')","ClassExam(letter='J.', link='https://weblprod1.wheatonma.edu/PROD/bzcrschd.P_DispExamInfo?exam_code=J.&course=ENG-500 D01&term_code=201520&term_desc=Spring 2015&crn=10563')",Individual Research,10563,['TBA'],['Location info TBA'],"[ClassInstructor(name='Drout, Michael D.', link='https://wheatoncollege.edu/academics/faculty-directory/Michael-Drout/')]",,,,[],https://www.bkstr.com/webapp/wcs/stores/servlet/booklookServlet?bookstore_id-1=525&term_id-1=Spring+2015&div-1=&dept-1=ENG&course-1=500&section-1=D01,"SeatInfo(max='Max Enroll: 3', taken='Max Enroll: 3', avail='Max Enroll: 3', wait_list='Max Enroll: 3')",Open to Senior Majors by invitation of the Department; students interested should consult with the English Department Chair. ,
231,ENG,"ClassNumber(num='ENG-500 D02', link='https://weblprod1.wheatonma.edu/PROD/bzcrschd.P_ViewCourseDescription?term_in=201520&subj_code_in=ENG&crse_numb_in=500&crn_in=10579&seq_numb_in=D02')","ClassExam(letter='J.', link='https://weblprod1.wheatonma.edu/PROD/bzcrschd.P_DispExamInfo?exam_code=J.&course=ENG-500 D02&term_code=201520&term_desc=Spring 2015&crn=10579')",Individual Research,10579,['TBA'],['Location info TBA'],"[ClassInstructor(name='Buck, Claire E.', link='https://wheatoncollege.edu/academics/faculty-directory/Claire-Buck/')]",,,,[],https://www.bkstr.com/webapp/wcs/stores/servlet/booklookServlet?bookstore_id-1=525&term_id-1=Spring+2015&div-1=&dept-1=ENG&course-1=500&section-1=D02,"SeatInfo(max='Max Enroll: 2', taken='Max Enroll: 2', avail='Max Enroll: 2', wait_list='Max Enroll: 2')",Open to Senior Majors by invitation of the Department; students interested should consult with the English Department Chair. ,
232,ENV,"ClassNumber(num='ENV-198 B', link='https://weblprod1.wheatonma.edu/PROD/bzcrschd.P_ViewCourseDescription?term_in=201520&subj_code_in=ENV&crse_numb_in=198&crn_in=10729&seq_numb_in=B')","ClassExam(letter='J.', link='https://weblprod1.wheatonma.edu/PROD/bzcrschd.P_DispExamInfo?exam_code=J.&course=ENV-198 B&term_code=201520&term_desc=Spring 2015&crn=10729')",Env Planning/Impact Assessment,10729,['TBA'],['Location info TBA'],"[ClassInstructor(name='Wyss, Brenda', link='https://wheatoncollege.edu/academics/faculty-directory/Brenda-Wyss/')]",,,,[],https://www.bkstr.com/webapp/wcs/stores/servlet/booklookServlet?bookstore_id-1=525&term_id-1=Spring+2015&div-1=&dept-1=ENV&course-1=198&section-1=B,"SeatInfo(max='Max Enroll: 20', taken='Max Enroll: 20', avail='Max Enroll: 20', wait_list='Max Enroll: 20')",Wheaton study abroad. Course taught in Bhutan. Limited to 20. ,
233,FNMS,"ClassNumber(num='FNMS-115 B', link='https://weblprod1.wheatonma.edu/PROD/bzcrschd.P_ViewCourseDescription?term_in=201520&subj_code_in=FNMS&crse_numb_in=115&crn_in=10540&seq_numb_in=B')","ClassExam(letter='K.', link='https://weblprod1.wheatonma.edu/PROD/bzcrschd.P_DispExamInfo?exam_code=K.&course=FNMS-115 B&term_code=201520&term_desc=Spring 2015&crn=10540')","Robots, Games & Prob Solving",10540,['M W 2:00 PM - 3:20 PM'],['Science Center 1349'],"[ClassInstructor(name='Gagne, Martin', link='https://wheatoncollege.edu/academics/faculty-directory/Martin-Gagne/')]",QA,,ARMC,"[ClassConx(num='2016', link='https://weblprod1.wheatonma.edu/PROD/bzcrschd.P_ViewCourseDescription?term_in=201520&subj_code_in=CONX&crse_numb_in=20016&crn_in=&seq_numb_in=')]",https://www.bkstr.com/webapp/wcs/stores/servlet/booklookServlet?bookstore_id-1=525&term_id-1=Spring+2015&div-1=&dept-1=FNMS&course-1=115&section-1=B,"SeatInfo(max='Max Enroll: 0', taken='Max Enroll: 0', avail='Max Enroll: 0', wait_list='Max Enroll: 0')","Register under COMP 115. A lab section must be selected with lecture. 5 seats reserved for Seniors, 8 seats reserved for Juniors, 12 seats reserved for Sophomores, 11 seats reserved for First Year Students or Permission of Instructor. Limited to 36. ",Monday Wednesday 2:00  - 3:20 
234,FNMS,"ClassNumber(num='FNMS-231 B', link='https://weblprod1.wheatonma.edu/PROD/bzcrschd.P_ViewCourseDescription?term_in=201520&subj_code_in=FNMS&crse_numb_in=231&crn_in=10541&seq_numb_in=B')","ClassExam(letter='R.', link='https://weblprod1.wheatonma.edu/PROD/bzcrschd.P_DispExamInfo?exam_code=R.&course=FNMS-231 B&term_code=201520&term_desc=Spring 2015&crn=10541')",Introduction to New Media,10541,['T R 3:30 PM - 4:50 PM'],['Meneely Hall 102'],"[ClassInstructor(name='Stenger, Josh A.', link='https://wheatoncollege.edu/academics/faculty-directory/Josh-Stenger/')]",,DVAH,ARHM,"[ClassConx(num='2095', link='https://weblprod1.wheatonma.edu/PROD/bzcrschd.P_ViewCourseDescription?term_in=201520&subj_code_in=CONX&crse_numb_in=20095&crn_in=&seq_numb_in=')]",https://www.bkstr.com/webapp/wcs/stores/servlet/booklookServlet?bookstore_id-1=525&term_id-1=Spring+2015&div-1=&dept-1=FNMS&course-1=231&section-1=B,"SeatInfo(max='Max Enroll: 0', taken='Max Enroll: 0', avail='Max Enroll: 0', wait_list='Max Enroll: 0')",Register under ENG 231. Limited to 35. ,Tuesday Thursday 3:30  - 4:50 
235,FNMS,"ClassNumber(num='FNMS-240 B', link='https://weblprod1.wheatonma.edu/PROD/bzcrschd.P_ViewCourseDescription?term_in=201520&subj_code_in=FNMS&crse_numb_in=240&crn_in=10538&seq_numb_in=B')","ClassExam(letter='K.', link='https://weblprod1.wheatonma.edu/PROD/bzcrschd.P_DispExamInfo?exam_code=K.&course=FNMS-240 B&term_code=201520&term_desc=Spring 2015&crn=10538')",Arts of the Avant-Gardes,10538,['M W 2:00 PM - 3:20 PM'],['Watson Fine Arts Center 102'],"[ClassInstructor(name='McBreen, Ellen M.', link='https://wheatoncollege.edu/academics/faculty-directory/Ellen-McBreen/')]",,DVAH,ARHM,[],https://www.bkstr.com/webapp/wcs/stores/servlet/booklookServlet?bookstore_id-1=525&term_id-1=Spring+2015&div-1=&dept-1=FNMS&course-1=240&section-1=B,"SeatInfo(max='Max Enroll: 0', taken='Max Enroll: 0', avail='Max Enroll: 0', wait_list='Max Enroll: 0')",Register under ARTH 240. ,Monday Wednesday 2:00  - 3:20 
236,FNMS,"ClassNumber(num='FNMS-260 B', link='https://weblprod1.wheatonma.edu/PROD/bzcrschd.P_ViewCourseDescription?term_in=201520&subj_code_in=FNMS&crse_numb_in=260&crn_in=10539&seq_numb_in=B')","ClassExam(letter='S.', link='https://weblprod1.wheatonma.edu/PROD/bzcrschd.P_DispExamInfo?exam_code=S.&course=FNMS-260 B&term_code=201520&term_desc=Spring 2015&crn=10539')",Production I,10539,['M W 10:30 AM - 12:20 PM'],['Mars Arts & Humanities A118'],"[ClassInstructor(name='Johnson, Patrick H.', link='https://wheatoncollege.edu/academics/faculty-directory/Patrick-Johnson/')]",,DVAH,ARCA,"[ClassConx(num='2093', link='https://weblprod1.wheatonma.edu/PROD/bzcrschd.P_ViewCourseDescription?term_in=201520&subj_code_in=CONX&crse_numb_in=20093&crn_in=&seq_numb_in=')]",https://www.bkstr.com/webapp/wcs/stores/servlet/booklookServlet?bookstore_id-1=525&term_id-1=Spring+2015&div-1=&dept-1=FNMS&course-1=260&section-1=B,"SeatInfo(max='Max Enroll: 0', taken='Max Enroll: 0', avail='Max Enroll: 0', wait_list='Max Enroll: 0')",Register for ARTS 018. Attendance required first day of class. Permission of Instructor. Approx $50 Lab fee with course. Limited to 12. Cross-listed with ARTS 260. ,Monday Wednesday 10:30  - 12:20 
237,FNMS,"ClassNumber(num='FNMS-285 B', link='https://weblprod1.wheatonma.edu/PROD/bzcrschd.P_ViewCourseDescription?term_in=201520&subj_code_in=FNMS&crse_numb_in=285&crn_in=10542&seq_numb_in=B')","ClassExam(letter='R.', link='https://weblprod1.wheatonma.edu/PROD/bzcrschd.P_DispExamInfo?exam_code=R.&course=FNMS-285 B&term_code=201520&term_desc=Spring 2015&crn=10542')",Journalism,10542,['T R 7:00 PM - 8:20 PM'],['Meneely Hall 102'],"[ClassInstructor(name='Nesi, Edward A.', link='https://wheatoncollege.edu/academics/faculty-directory/Edward-Nesi/')]",,DVAH,ARHM,[],https://www.bkstr.com/webapp/wcs/stores/servlet/booklookServlet?bookstore_id-1=525&term_id-1=Spring+2015&div-1=&dept-1=FNMS&course-1=285&section-1=B,"SeatInfo(max='Max Enroll: 0', taken='Max Enroll: 0', avail='Max Enroll: 0', wait_list='Max Enroll: 0')","Register under ENG 285. Open to Sophomores, Juniors and Seniors. Limited to 20. ",Tuesday Thursday 7:00  - 8:20 
238,FNMS,"ClassNumber(num='FNMS-290 B', link='https://weblprod1.wheatonma.edu/PROD/bzcrschd.P_ViewCourseDescription?term_in=201520&subj_code_in=FNMS&crse_numb_in=290&crn_in=10543&seq_numb_in=B')","ClassExam(letter='K.', link='https://weblprod1.wheatonma.edu/PROD/bzcrschd.P_DispExamInfo?exam_code=K.&course=FNMS-290 B&term_code=201520&term_desc=Spring 2015&crn=10543')",Approaches to Lit and Culture,10543,['M W 2:00 PM - 3:20 PM'],['Meneely Hall 209'],"[ClassInstructor(name='Buck, Claire E.', link='https://wheatoncollege.edu/academics/faculty-directory/Claire-Buck/')]",,DVAH,ARHM,[],https://www.bkstr.com/webapp/wcs/stores/servlet/booklookServlet?bookstore_id-1=525&term_id-1=Spring+2015&div-1=&dept-1=FNMS&course-1=290&section-1=B,"SeatInfo(max='Max Enroll: 0', taken='Max Enroll: 0', avail='Max Enroll: 0', wait_list='Max Enroll: 0')",Register under ENG 290. Prerequisites: One course in English above ENG 101. Majors are urged to take it in the Sophomore year but open to Seniors and Juniors. Not open to First Year Students. Limited to 35. ,Monday Wednesday 2:00  - 3:20 
239,FNMS,"ClassNumber(num='FNMS-292 B', link='https://weblprod1.wheatonma.edu/PROD/bzcrschd.P_ViewCourseDescription?term_in=201520&subj_code_in=FNMS&crse_numb_in=292&crn_in=10545&seq_numb_in=B')","ClassExam(letter='S.', link='https://weblprod1.wheatonma.edu/PROD/bzcrschd.P_DispExamInfo?exam_code=S.&course=FNMS-292 B&term_code=201520&term_desc=Spring 2015&crn=10545')",Broadway Bound,10545,['T R 12:30 PM - 1:50 PM'],['Watson Fine Arts Center 222'],"[ClassInstructor(name='Sears, Elizabeth A.', link='https://wheatoncollege.edu/academics/faculty-directory/ann-sears/')]",,DVAH,ARCA,[],https://www.bkstr.com/webapp/wcs/stores/servlet/booklookServlet?bookstore_id-1=525&term_id-1=Spring+2015&div-1=&dept-1=FNMS&course-1=292&section-1=B,"SeatInfo(max='Max Enroll: 0', taken='Max Enroll: 0', avail='Max Enroll: 0', wait_list='Max Enroll: 0')",Register under MUSC 292. ,Tuesday Thursday 12:30  - 1:50 
240,FNMS,"ClassNumber(num='FNMS-298 B01', link='https://weblprod1.wheatonma.edu/PROD/bzcrschd.P_ViewCourseDescription?term_in=201520&subj_code_in=FNMS&crse_numb_in=298&crn_in=10531&seq_numb_in=B01')","ClassExam(letter='S.', link='https://weblprod1.wheatonma.edu/PROD/bzcrschd.P_DispExamInfo?exam_code=S.&course=FNMS-298 B01&term_code=201520&term_desc=Spring 2015&crn=10531')",Contemporary Filmmaking,10531,['T R 2:00 PM - 3:20 PM'],['Watson Fine Arts Center 122'],"[ClassInstructor(name='Damluji, Mona', link='https://wheatoncollege.edu/academics/faculty-directory/Mona-Damluji/')]",,,,[],https://www.bkstr.com/webapp/wcs/stores/servlet/booklookServlet?bookstore_id-1=525&term_id-1=Spring+2015&div-1=&dept-1=FNMS&course-1=298&section-1=B01,"SeatInfo(max='Max Enroll: 0', taken='Max Enroll: 0', avail='Max Enroll: 0', wait_list='Max Enroll: 0')",Register under ARTH 298-B01. Cross-listed with ARTH 298-B01 and WGS 298-B01. ,Tuesday Thursday 2:00  - 3:20 
241,FNMS,"ClassNumber(num='FNMS-298 B02', link='https://weblprod1.wheatonma.edu/PROD/bzcrschd.P_ViewCourseDescription?term_in=201520&subj_code_in=FNMS&crse_numb_in=298&crn_in=10533&seq_numb_in=B02')","ClassExam(letter='S.', link='https://weblprod1.wheatonma.edu/PROD/bzcrschd.P_DispExamInfo?exam_code=S.&course=FNMS-298 B02&term_code=201520&term_desc=Spring 2015&crn=10533')",Digital Editing,10533,['M W 1:00 PM - 2:50 PM'],['Mars Arts & Humanities A118'],"[ClassInstructor(name='Johnson, Patrick H.', link='https://wheatoncollege.edu/academics/faculty-directory/Patrick-Johnson/')]",,DVAH,,[],https://www.bkstr.com/webapp/wcs/stores/servlet/booklookServlet?bookstore_id-1=525&term_id-1=Spring+2015&div-1=&dept-1=FNMS&course-1=298&section-1=B02,"SeatInfo(max='Max Enroll: 0', taken='Max Enroll: 0', avail='Max Enroll: 0', wait_list='Max Enroll: 0')",Register for ARTS 019B. Attendance required first day of class. Limited to 15. Cross-listed with ARTS 298-B01. ,Monday Wednesday 1:00  - 2:50 
242,FNMS,"ClassNumber(num='FNMS-298 B03', link='https://weblprod1.wheatonma.edu/PROD/bzcrschd.P_ViewCourseDescription?term_in=201520&subj_code_in=FNMS&crse_numb_in=298&crn_in=10534&seq_numb_in=B03')","ClassExam(letter='S.', link='https://weblprod1.wheatonma.edu/PROD/bzcrschd.P_DispExamInfo?exam_code=S.&course=FNMS-298 B03&term_code=201520&term_desc=Spring 2015&crn=10534')",Experimental Filmmaking,10534,['T R 11:00 AM - 12:50 PM'],['Mars Arts & Humanities A118'],"[ClassInstructor(name='Johnson, Patrick H.', link='https://wheatoncollege.edu/academics/faculty-directory/Patrick-Johnson/')]",,DVAH,,[],https://www.bkstr.com/webapp/wcs/stores/servlet/booklookServlet?bookstore_id-1=525&term_id-1=Spring+2015&div-1=&dept-1=FNMS&course-1=298&section-1=B03,"SeatInfo(max='Max Enroll: 0', taken='Max Enroll: 0', avail='Max Enroll: 0', wait_list='Max Enroll: 0')",Register for ARTS 024B. Attendance required first day of class. Limited to 15. Cross-listed with ARTS 298-B02. ,Tuesday Thursday 11:00  - 12:50 
243,FNMS,"ClassNumber(num='FNMS-298 B04', link='https://weblprod1.wheatonma.edu/PROD/bzcrschd.P_ViewCourseDescription?term_in=201520&subj_code_in=FNMS&crse_numb_in=298&crn_in=10535&seq_numb_in=B04')","ClassExam(letter='S.', link='https://weblprod1.wheatonma.edu/PROD/bzcrschd.P_DispExamInfo?exam_code=S.&course=FNMS-298 B04&term_code=201520&term_desc=Spring 2015&crn=10535')",Advanced Writing,10535,['T R 2:00 PM - 3:20 PM'],['Meneely Hall 205'],"[ClassInstructor(name='Lebduska, Lisa T.', link='https://wheatoncollege.edu/academics/faculty-directory/Lisa-Lebduska/')]",,,,[],https://www.bkstr.com/webapp/wcs/stores/servlet/booklookServlet?bookstore_id-1=525&term_id-1=Spring+2015&div-1=&dept-1=FNMS&course-1=298&section-1=B04,"SeatInfo(max='Max Enroll: 0', taken='Max Enroll: 0', avail='Max Enroll: 0', wait_list='Max Enroll: 0')",Register under ENG 298-B01. Prerequisite: ENG 101 or AP English credit. Limited to 20. ,Tuesday Thursday 2:00  - 3:20 
244,FNMS,"ClassNumber(num='FNMS-298 B05', link='https://weblprod1.wheatonma.edu/PROD/bzcrschd.P_ViewCourseDescription?term_in=201520&subj_code_in=FNMS&crse_numb_in=298&crn_in=10536&seq_numb_in=B05')","ClassExam(letter='S.', link='https://weblprod1.wheatonma.edu/PROD/bzcrschd.P_DispExamInfo?exam_code=S.&course=FNMS-298 B05&term_code=201520&term_desc=Spring 2015&crn=10536')",The World on a Screen,10536,['T R 11:00 AM - 12:20 PM'],['Knapton Hall 114'],"[ClassInstructor(name='Grady, John', link='https://wheatoncollege.edu/academics/faculty-directory/John-Grady/')]",,,,[],https://www.bkstr.com/webapp/wcs/stores/servlet/booklookServlet?bookstore_id-1=525&term_id-1=Spring+2015&div-1=&dept-1=FNMS&course-1=298&section-1=B05,"SeatInfo(max='Max Enroll: 0', taken='Max Enroll: 0', avail='Max Enroll: 0', wait_list='Max Enroll: 0')",Register under SOC 298-B01. Limited to 25. ,Tuesday Thursday 11:00  - 12:20 
245,FNMS,"ClassNumber(num='FNMS-350 B', link='https://weblprod1.wheatonma.edu/PROD/bzcrschd.P_ViewCourseDescription?term_in=201520&subj_code_in=FNMS&crse_numb_in=350&crn_in=10546&seq_numb_in=B')","ClassExam(letter='S.', link='https://weblprod1.wheatonma.edu/PROD/bzcrschd.P_DispExamInfo?exam_code=S.&course=FNMS-350 B&term_code=201520&term_desc=Spring 2015&crn=10546')",Marketing,10546,['T R 11:00 AM - 12:20 PM'],['Meneely Hall 102'],"[ClassInstructor(name='Sago, Brad', link='https://wheatoncollege.edu/academics/faculty-directory/Brad-Sago/')]",,,,[],https://www.bkstr.com/webapp/wcs/stores/servlet/booklookServlet?bookstore_id-1=525&term_id-1=Spring+2015&div-1=&dept-1=FNMS&course-1=350&section-1=B,"SeatInfo(max='Max Enroll: 0', taken='Max Enroll: 0', avail='Max Enroll: 0', wait_list='Max Enroll: 0')",Register under MGMT 350. Prerequisite: MGMT 111. Open to Seniors and Juniors. Limited to 35. ,Tuesday Thursday 11:00  - 12:20 
246,FNMS,"ClassNumber(num='FNMS-355 B', link='https://weblprod1.wheatonma.edu/PROD/bzcrschd.P_ViewCourseDescription?term_in=201520&subj_code_in=FNMS&crse_numb_in=355&crn_in=10544&seq_numb_in=B')","ClassExam(letter='R.', link='https://weblprod1.wheatonma.edu/PROD/bzcrschd.P_DispExamInfo?exam_code=R.&course=FNMS-355 B&term_code=201520&term_desc=Spring 2015&crn=10544')",Global Cinemas,10544,"['M W 12:30 PM - 1:50 PM', 'M 7:00 PM - 10:00 PM']","['Watson Fine Arts Center 102', 'Meneely Hall 207']","[ClassInstructor(name='Espiritu-Charara, Talitha C.', link='https://wheatoncollege.edu/academics/faculty-directory/Talitha-Espiritu/')]",BW,DVAH,ARHM,[],https://www.bkstr.com/webapp/wcs/stores/servlet/booklookServlet?bookstore_id-1=525&term_id-1=Spring+2015&div-1=&dept-1=FNMS&course-1=355&section-1=B,"SeatInfo(max='Max Enroll: 0', taken='Max Enroll: 0', avail='Max Enroll: 0', wait_list='Max Enroll: 0')",Register under ENG 355. Prerequisites: ENG 258 or ENG 290 or Permission of Instructor. Limtied to 25. ,Monday Wednesday 12:30  - 1:50  Monday 7:00  - 10:00 
247,FNMS,"ClassNumber(num='FNMS-398 B01', link='https://weblprod1.wheatonma.edu/PROD/bzcrschd.P_ViewCourseDescription?term_in=201520&subj_code_in=FNMS&crse_numb_in=398&crn_in=10532&seq_numb_in=B01')","ClassExam(letter='S.', link='https://weblprod1.wheatonma.edu/PROD/bzcrschd.P_DispExamInfo?exam_code=S.&course=FNMS-398 B01&term_code=201520&term_desc=Spring 2015&crn=10532')",Cinema and the City,10532,['T R 11:00 AM - 12:20 PM'],['Watson Fine Arts Center 122'],"[ClassInstructor(name='Damluji, Mona', link='https://wheatoncollege.edu/academics/faculty-directory/Mona-Damluji/')]",,,,[],https://www.bkstr.com/webapp/wcs/stores/servlet/booklookServlet?bookstore_id-1=525&term_id-1=Spring+2015&div-1=&dept-1=FNMS&course-1=398&section-1=B01,"SeatInfo(max='Max Enroll: 0', taken='Max Enroll: 0', avail='Max Enroll: 0', wait_list='Max Enroll: 0')",Register under ARTH 398-B01.  Cross-listed with ARTH 398-B01 and ENG 357. ,Tuesday Thursday 11:00  - 12:20 
248,FNMS,"ClassNumber(num='FNMS-401 B', link='https://weblprod1.wheatonma.edu/PROD/bzcrschd.P_ViewCourseDescription?term_in=201520&subj_code_in=FNMS&crse_numb_in=401&crn_in=10593&seq_numb_in=B')","ClassExam(letter='S.', link='https://weblprod1.wheatonma.edu/PROD/bzcrschd.P_DispExamInfo?exam_code=S.&course=FNMS-401 B&term_code=201520&term_desc=Spring 2015&crn=10593')",Senior Seminar,10593,['M 2:00 PM - 4:50 PM'],['Science Center B234'],"[ClassInstructor(name='Stenger, Josh A.', link='https://wheatoncollege.edu/academics/faculty-directory/Josh-Stenger/')]",,,,[],https://www.bkstr.com/webapp/wcs/stores/servlet/booklookServlet?bookstore_id-1=525&term_id-1=Spring+2015&div-1=&dept-1=FNMS&course-1=401&section-1=B,"SeatInfo(max='Max Enroll: 12', taken='Max Enroll: 12', avail='Max Enroll: 12', wait_list='Max Enroll: 12')",Normally Open to Senior Majors. Permission of Program Coordinator. Limted to 12. ,Monday 2:00  - 4:50 
249,FR,"ClassNumber(num='FR-102 B01', link='https://weblprod1.wheatonma.edu/PROD/bzcrschd.P_ViewCourseDescription?term_in=201520&subj_code_in=FR&crse_numb_in=102&crn_in=10238&seq_numb_in=B01')","ClassExam(letter='S.', link='https://weblprod1.wheatonma.edu/PROD/bzcrschd.P_DispExamInfo?exam_code=S.&course=FR-102 B01&term_code=201520&term_desc=Spring 2015&crn=10238')",Elementary French II,10238,['M W F 8:30 AM - 9:20 AM'],['Meneely Hall 207'],"[ClassInstructor(name='Danehy, Cecile', link='https://wheatoncollege.edu/academics/faculty-directory/Cecile-Danehy/')]",FL,,,[],https://www.bkstr.com/webapp/wcs/stores/servlet/booklookServlet?bookstore_id-1=525&term_id-1=Spring+2015&div-1=&dept-1=FR&course-1=102&section-1=B01,"SeatInfo(max='Max Enroll: 20', taken='Max Enroll: 20', avail='Max Enroll: 20', wait_list='Max Enroll: 20')",Prerequisite: FR 101 or placement exam or Permission of the Department. Limited to 20. ,Monday Wednesday Friday 8:30  - 9:20 
250,FR,"ClassNumber(num='FR-102 B02', link='https://weblprod1.wheatonma.edu/PROD/bzcrschd.P_ViewCourseDescription?term_in=201520&subj_code_in=FR&crse_numb_in=102&crn_in=10239&seq_numb_in=B02')","ClassExam(letter='S.', link='https://weblprod1.wheatonma.edu/PROD/bzcrschd.P_DispExamInfo?exam_code=S.&course=FR-102 B02&term_code=201520&term_desc=Spring 2015&crn=10239')",Elementary French II,10239,['M W F 9:30 AM - 10:20 AM'],['Meneely Hall 207'],"[ClassInstructor(name='Danehy, Cecile', link='https://wheatoncollege.edu/academics/faculty-directory/Cecile-Danehy/')]",FL,,,[],https://www.bkstr.com/webapp/wcs/stores/servlet/booklookServlet?bookstore_id-1=525&term_id-1=Spring+2015&div-1=&dept-1=FR&course-1=102&section-1=B02,"SeatInfo(max='Max Enroll: 20', taken='Max Enroll: 20', avail='Max Enroll: 20', wait_list='Max Enroll: 20')",Prerequisite: FR 101 or placement exam or Permission of the Department. Limited to 20. ,Monday Wednesday Friday 9:30  - 10:20 
251,FR,"ClassNumber(num='FR-202 B', link='https://weblprod1.wheatonma.edu/PROD/bzcrschd.P_ViewCourseDescription?term_in=201520&subj_code_in=FR&crse_numb_in=202&crn_in=10240&seq_numb_in=B')","ClassExam(letter='A.', link='https://weblprod1.wheatonma.edu/PROD/bzcrschd.P_DispExamInfo?exam_code=A.&course=FR-202 B&term_code=201520&term_desc=Spring 2015&crn=10240')",French in Review II,10240,['M W F 8:30 AM - 9:20 AM'],['Meneely Hall 208'],"[ClassInstructor(name='Kenney, Anke', link='https://wheatoncollege.edu/academics/faculty-directory/Anke-Kenney/')]",FL,,ARHM,[],https://www.bkstr.com/webapp/wcs/stores/servlet/booklookServlet?bookstore_id-1=525&term_id-1=Spring+2015&div-1=&dept-1=FR&course-1=202&section-1=B,"SeatInfo(max='Max Enroll: 20', taken='Max Enroll: 20', avail='Max Enroll: 20', wait_list='Max Enroll: 20')",Prerequisite: FR 201 or placement test or Permission of the Department. Limited to 20. ,Monday Wednesday Friday 8:30  - 9:20 
252,FR,"ClassNumber(num='FR-221 B', link='https://weblprod1.wheatonma.edu/PROD/bzcrschd.P_ViewCourseDescription?term_in=201520&subj_code_in=FR&crse_numb_in=221&crn_in=10241&seq_numb_in=B')","ClassExam(letter='S.', link='https://weblprod1.wheatonma.edu/PROD/bzcrschd.P_DispExamInfo?exam_code=S.&course=FR-221 B&term_code=201520&term_desc=Spring 2015&crn=10241')",Read & Converse I,10241,['M W F 9:30 AM - 10:20 AM'],['Meneely Hall 304'],"[ClassInstructor(name='Walsh, Jonathan D.', link='https://wheatoncollege.edu/academics/faculty-directory/jonathan-david-walsh/')]",FL,,ARHM,[],https://www.bkstr.com/webapp/wcs/stores/servlet/booklookServlet?bookstore_id-1=525&term_id-1=Spring+2015&div-1=&dept-1=FR&course-1=221&section-1=B,"SeatInfo(max='Max Enroll: 20', taken='Max Enroll: 20', avail='Max Enroll: 20', wait_list='Max Enroll: 20')",Prerequisite: FR 202 or placement test or Permission of the Department.  Limited to 20. ,Monday Wednesday Friday 9:30  - 10:20 
253,FR,"ClassNumber(num='FR-222 B', link='https://weblprod1.wheatonma.edu/PROD/bzcrschd.P_ViewCourseDescription?term_in=201520&subj_code_in=FR&crse_numb_in=222&crn_in=10242&seq_numb_in=B')","ClassExam(letter='C.', link='https://weblprod1.wheatonma.edu/PROD/bzcrschd.P_DispExamInfo?exam_code=C.&course=FR-222 B&term_code=201520&term_desc=Spring 2015&crn=10242')",Read and Converse II,10242,['M W F 10:30 AM - 11:20 AM'],['Meneely Hall 209'],"[ClassInstructor(name='Walsh, Jonathan D.', link='https://wheatoncollege.edu/academics/faculty-directory/jonathan-david-walsh/')]",FL,,ARHM,[],https://www.bkstr.com/webapp/wcs/stores/servlet/booklookServlet?bookstore_id-1=525&term_id-1=Spring+2015&div-1=&dept-1=FR&course-1=222&section-1=B,"SeatInfo(max='Max Enroll: 20', taken='Max Enroll: 20', avail='Max Enroll: 20', wait_list='Max Enroll: 20')",Prerequisite: FR 221 or placement test or Permission of the Department. Limited to 20. ,Monday Wednesday Friday 10:30  - 11:20 
254,FR,"ClassNumber(num='FR-235 B', link='https://weblprod1.wheatonma.edu/PROD/bzcrschd.P_ViewCourseDescription?term_in=201520&subj_code_in=FR&crse_numb_in=235&crn_in=10243&seq_numb_in=B')","ClassExam(letter='D.', link='https://weblprod1.wheatonma.edu/PROD/bzcrschd.P_DispExamInfo?exam_code=D.&course=FR-235 B&term_code=201520&term_desc=Spring 2015&crn=10243')",Intro to Modern French Lit,10243,['M W F 11:30 AM - 12:20 PM'],['Meneely Hall 206'],"[ClassInstructor(name='Danehy, Cecile', link='https://wheatoncollege.edu/academics/faculty-directory/Cecile-Danehy/')]",FL,,ARHM,"[ClassConx(num='2041', link='https://weblprod1.wheatonma.edu/PROD/bzcrschd.P_ViewCourseDescription?term_in=201520&subj_code_in=CONX&crse_numb_in=20041&crn_in=&seq_numb_in=')]",https://www.bkstr.com/webapp/wcs/stores/servlet/booklookServlet?bookstore_id-1=525&term_id-1=Spring+2015&div-1=&dept-1=FR&course-1=235&section-1=B,"SeatInfo(max='Max Enroll: 999', taken='Max Enroll: 999', avail='Max Enroll: 999', wait_list='Max Enroll: 999')","Intended for students who have studied French for three or four years in secondary school, whose placement scores indicate comparable preparation, or who have completed FR 202 (with permission of the instructor) or FR 222 or FR 236 or FR 245. ",Monday Wednesday Friday 11:30  - 12:20 
255,FR,"ClassNumber(num='FR-327 B', link='https://weblprod1.wheatonma.edu/PROD/bzcrschd.P_ViewCourseDescription?term_in=201520&subj_code_in=FR&crse_numb_in=327&crn_in=10244&seq_numb_in=B')","ClassExam(letter='R.', link='https://weblprod1.wheatonma.edu/PROD/bzcrschd.P_DispExamInfo?exam_code=R.&course=FR-327 B&term_code=201520&term_desc=Spring 2015&crn=10244')",Moralists & Misanthropes,10244,['T R 11:00 AM - 12:20 PM'],['Meneely Hall 307'],"[ClassInstructor(name='Walsh, Jonathan D.', link='https://wheatoncollege.edu/academics/faculty-directory/jonathan-david-walsh/')]",,,ARHM,"[ClassConx(num='2087', link='https://weblprod1.wheatonma.edu/PROD/bzcrschd.P_ViewCourseDescription?term_in=201520&subj_code_in=CONX&crse_numb_in=20087&crn_in=&seq_numb_in=')]",https://www.bkstr.com/webapp/wcs/stores/servlet/booklookServlet?bookstore_id-1=525&term_id-1=Spring+2015&div-1=&dept-1=FR&course-1=327&section-1=B,"SeatInfo(max='Max Enroll: 999', taken='Max Enroll: 999', avail='Max Enroll: 999', wait_list='Max Enroll: 999')","Before enrolling in a 300-level course, students should have completed at least two or three required courses at the 200-level (FR 235, FR 236, and FR 245). Prerequisites may be waived by the instructor for students with special preparation. ",Tuesday Thursday 11:00  - 12:20 
256,FR,"ClassNumber(num='FR-399 B01', link='https://weblprod1.wheatonma.edu/PROD/bzcrschd.P_ViewCourseDescription?term_in=201520&subj_code_in=FR&crse_numb_in=399&crn_in=10580&seq_numb_in=B01')","ClassExam(letter='J.', link='https://weblprod1.wheatonma.edu/PROD/bzcrschd.P_DispExamInfo?exam_code=J.&course=FR-399 B01&term_code=201520&term_desc=Spring 2015&crn=10580')",Independent Study,10580,['TBA'],['Location info TBA'],"[ClassInstructor(name='Danehy, Cecile', link='https://wheatoncollege.edu/academics/faculty-directory/Cecile-Danehy/')]",,,ARHM,[],https://www.bkstr.com/webapp/wcs/stores/servlet/booklookServlet?bookstore_id-1=525&term_id-1=Spring+2015&div-1=&dept-1=FR&course-1=399&section-1=B01,"SeatInfo(max='Max Enroll: 2', taken='Max Enroll: 2', avail='Max Enroll: 2', wait_list='Max Enroll: 2')",,
257,FR,"ClassNumber(num='FR-500 D01', link='https://weblprod1.wheatonma.edu/PROD/bzcrschd.P_ViewCourseDescription?term_in=201520&subj_code_in=FR&crse_numb_in=500&crn_in=10567&seq_numb_in=D01')","ClassExam(letter='J.', link='https://weblprod1.wheatonma.edu/PROD/bzcrschd.P_DispExamInfo?exam_code=J.&course=FR-500 D01&term_code=201520&term_desc=Spring 2015&crn=10567')",Individual Research,10567,['TBA'],['Location info TBA'],"[ClassInstructor(name='Danehy, Cecile', link='https://wheatoncollege.edu/academics/faculty-directory/Cecile-Danehy/')]",,,ARHM,[],https://www.bkstr.com/webapp/wcs/stores/servlet/booklookServlet?bookstore_id-1=525&term_id-1=Spring+2015&div-1=&dept-1=FR&course-1=500&section-1=D01,"SeatInfo(max='Max Enroll: 1', taken='Max Enroll: 1', avail='Max Enroll: 1', wait_list='Max Enroll: 1')",,
258,GER,"ClassNumber(num='GER-102 B01', link='https://weblprod1.wheatonma.edu/PROD/bzcrschd.P_ViewCourseDescription?term_in=201520&subj_code_in=GER&crse_numb_in=102&crn_in=10106&seq_numb_in=B01')","ClassExam(letter='B.', link='https://weblprod1.wheatonma.edu/PROD/bzcrschd.P_DispExamInfo?exam_code=B.&course=GER-102 B01&term_code=201520&term_desc=Spring 2015&crn=10106')",Elementary German,10106,['M W F 9:30 AM - 10:20 AM'],['Meneely Hall 208'],"[ClassInstructor(name='Kenney, Anke', link='https://wheatoncollege.edu/academics/faculty-directory/Anke-Kenney/')]",FL,,,[],https://www.bkstr.com/webapp/wcs/stores/servlet/booklookServlet?bookstore_id-1=525&term_id-1=Spring+2015&div-1=&dept-1=GER&course-1=102&section-1=B01,"SeatInfo(max='Max Enroll: 20', taken='Max Enroll: 20', avail='Max Enroll: 20', wait_list='Max Enroll: 20')",Prerequisite: GER 101 or departmental placement.  One Additional Hour TBA.  Limited to 20. ,Monday Wednesday Friday 9:30  - 10:20 
259,GER,"ClassNumber(num='GER-102 B02', link='https://weblprod1.wheatonma.edu/PROD/bzcrschd.P_ViewCourseDescription?term_in=201520&subj_code_in=GER&crse_numb_in=102&crn_in=10107&seq_numb_in=B02')","ClassExam(letter='D.', link='https://weblprod1.wheatonma.edu/PROD/bzcrschd.P_DispExamInfo?exam_code=D.&course=GER-102 B02&term_code=201520&term_desc=Spring 2015&crn=10107')",Elementary German,10107,['M W F 11:30 AM - 12:20 PM'],['Meneely Hall 208'],"[ClassInstructor(name='Kenney, Anke', link='https://wheatoncollege.edu/academics/faculty-directory/Anke-Kenney/')]",FL,,,[],https://www.bkstr.com/webapp/wcs/stores/servlet/booklookServlet?bookstore_id-1=525&term_id-1=Spring+2015&div-1=&dept-1=GER&course-1=102&section-1=B02,"SeatInfo(max='Max Enroll: 20', taken='Max Enroll: 20', avail='Max Enroll: 20', wait_list='Max Enroll: 20')",Prerequisite: GER 101 or departmental placement.  One Additional Hour TBA.  Limited to 20. ,Monday Wednesday Friday 11:30  - 12:20 
260,GER,"ClassNumber(num='GER-202 B', link='https://weblprod1.wheatonma.edu/PROD/bzcrschd.P_ViewCourseDescription?term_in=201520&subj_code_in=GER&crse_numb_in=202&crn_in=10296&seq_numb_in=B')","ClassExam(letter='U.', link='https://weblprod1.wheatonma.edu/PROD/bzcrschd.P_DispExamInfo?exam_code=U.&course=GER-202 B&term_code=201520&term_desc=Spring 2015&crn=10296')",Intermediate German,10296,['M W F 10:30 AM - 11:20 AM'],['Meneely Hall 201'],"[ClassInstructor(name='Bohn Case, Laura', link='https://wheatoncollege.edu/academics/faculty-directory/laura-bohn/')]",FL,,ARHM,"[ClassConx(num='2007', link='https://weblprod1.wheatonma.edu/PROD/bzcrschd.P_ViewCourseDescription?term_in=201520&subj_code_in=CONX&crse_numb_in=20007&crn_in=&seq_numb_in=')]",https://www.bkstr.com/webapp/wcs/stores/servlet/booklookServlet?bookstore_id-1=525&term_id-1=Spring+2015&div-1=&dept-1=GER&course-1=202&section-1=B,"SeatInfo(max='Max Enroll: 999', taken='Max Enroll: 999', avail='Max Enroll: 999', wait_list='Max Enroll: 999')",Prerequisite: GER 201 or departmental placement.  One Additional Hour TBA. ,Monday Wednesday Friday 10:30  - 11:20 
261,GER,"ClassNumber(num='GER-242 B', link='https://weblprod1.wheatonma.edu/PROD/bzcrschd.P_ViewCourseDescription?term_in=201520&subj_code_in=GER&crse_numb_in=242&crn_in=10109&seq_numb_in=B')","ClassExam(letter='S.', link='https://weblprod1.wheatonma.edu/PROD/bzcrschd.P_DispExamInfo?exam_code=S.&course=GER-242 B&term_code=201520&term_desc=Spring 2015&crn=10109')",Introduction to German Studies,10109,['M W 12:30 PM - 1:50 PM'],['Meneely Hall 201'],"[ClassInstructor(name='Bohn Case, Laura', link='https://wheatoncollege.edu/academics/faculty-directory/laura-bohn/')]",FL,DVAH,,[],https://www.bkstr.com/webapp/wcs/stores/servlet/booklookServlet?bookstore_id-1=525&term_id-1=Spring+2015&div-1=&dept-1=GER&course-1=242&section-1=B,"SeatInfo(max='Max Enroll: 999', taken='Max Enroll: 999', avail='Max Enroll: 999', wait_list='Max Enroll: 999')",Prerequisite: GER 202 or departmental placement. ,Monday Wednesday 12:30  - 1:50 
262,GER,"ClassNumber(num='GER-298 B01', link='https://weblprod1.wheatonma.edu/PROD/bzcrschd.P_ViewCourseDescription?term_in=201520&subj_code_in=GER&crse_numb_in=298&crn_in=10745&seq_numb_in=B01')","ClassExam(letter='J.', link='https://weblprod1.wheatonma.edu/PROD/bzcrschd.P_DispExamInfo?exam_code=J.&course=GER-298 B01&term_code=201520&term_desc=Spring 2015&crn=10745')",German Cultural Studies,10745,[],[],[],,,,[],https://www.bkstr.com/webapp/wcs/stores/servlet/booklookServlet?bookstore_id-1=525&term_id-1=Spring+2015&div-1=&dept-1=GER&course-1=298&section-1=B01,"SeatInfo(max='Max Enroll: 1', taken='Max Enroll: 1', avail='Max Enroll: 1', wait_list='Max Enroll: 1')",,
263,GER,"ClassNumber(num='GER-298 B03', link='https://weblprod1.wheatonma.edu/PROD/bzcrschd.P_ViewCourseDescription?term_in=201520&subj_code_in=GER&crse_numb_in=298&crn_in=10747&seq_numb_in=B03')","ClassExam(letter='J', link='https://weblprod1.wheatonma.edu/PROD/bzcrschd.P_DispExamInfo?exam_code=J&course=GER-298 B03&term_code=201520&term_desc=Spring 2015&crn=10747')",German for Scientists,10747,[],[],[],,,,[],https://www.bkstr.com/webapp/wcs/stores/servlet/booklookServlet?bookstore_id-1=525&term_id-1=Spring+2015&div-1=&dept-1=GER&course-1=298&section-1=B03,"SeatInfo(max='Max Enroll: 1', taken='Max Enroll: 1', avail='Max Enroll: 1', wait_list='Max Enroll: 1')",,
264,GER,"ClassNumber(num='GER-298 B04', link='https://weblprod1.wheatonma.edu/PROD/bzcrschd.P_ViewCourseDescription?term_in=201520&subj_code_in=GER&crse_numb_in=298&crn_in=10748&seq_numb_in=B04')","ClassExam(letter='J', link='https://weblprod1.wheatonma.edu/PROD/bzcrschd.P_DispExamInfo?exam_code=J&course=GER-298 B04&term_code=201520&term_desc=Spring 2015&crn=10748')",Intensive German,10748,[],[],[],,,,[],https://www.bkstr.com/webapp/wcs/stores/servlet/booklookServlet?bookstore_id-1=525&term_id-1=Spring+2015&div-1=&dept-1=GER&course-1=298&section-1=B04,"SeatInfo(max='Max Enroll: 1', taken='Max Enroll: 1', avail='Max Enroll: 1', wait_list='Max Enroll: 1')",,
265,GER,"ClassNumber(num='GER-298 B05', link='https://weblprod1.wheatonma.edu/PROD/bzcrschd.P_ViewCourseDescription?term_in=201520&subj_code_in=GER&crse_numb_in=298&crn_in=10749&seq_numb_in=B05')","ClassExam(letter='J', link='https://weblprod1.wheatonma.edu/PROD/bzcrschd.P_DispExamInfo?exam_code=J&course=GER-298 B05&term_code=201520&term_desc=Spring 2015&crn=10749')",German Studies Course,10749,[],[],[],,,,[],https://www.bkstr.com/webapp/wcs/stores/servlet/booklookServlet?bookstore_id-1=525&term_id-1=Spring+2015&div-1=&dept-1=GER&course-1=298&section-1=B05,"SeatInfo(max='Max Enroll: 1', taken='Max Enroll: 1', avail='Max Enroll: 1', wait_list='Max Enroll: 1')",,
266,GER,"ClassNumber(num='GER-299 B01', link='https://weblprod1.wheatonma.edu/PROD/bzcrschd.P_ViewCourseDescription?term_in=201520&subj_code_in=GER&crse_numb_in=299&crn_in=10568&seq_numb_in=B01')","ClassExam(letter='J.', link='https://weblprod1.wheatonma.edu/PROD/bzcrschd.P_DispExamInfo?exam_code=J.&course=GER-299 B01&term_code=201520&term_desc=Spring 2015&crn=10568')",Ind Stdy: German For Reading,10568,['TBA'],['Location info TBA'],"[ClassInstructor(name='Bohn Case, Laura', link='https://wheatoncollege.edu/academics/faculty-directory/laura-bohn/')]",,,,[],https://www.bkstr.com/webapp/wcs/stores/servlet/booklookServlet?bookstore_id-1=525&term_id-1=Spring+2015&div-1=&dept-1=GER&course-1=299&section-1=B01,"SeatInfo(max='Max Enroll: 1', taken='Max Enroll: 1', avail='Max Enroll: 1', wait_list='Max Enroll: 1')",,
267,GER,"ClassNumber(num='GER-299 B02', link='https://weblprod1.wheatonma.edu/PROD/bzcrschd.P_ViewCourseDescription?term_in=201520&subj_code_in=GER&crse_numb_in=299&crn_in=10640&seq_numb_in=B02')","ClassExam(letter='J.', link='https://weblprod1.wheatonma.edu/PROD/bzcrschd.P_DispExamInfo?exam_code=J.&course=GER-299 B02&term_code=201520&term_desc=Spring 2015&crn=10640')",Independent Study,10640,['TBA'],['Location info TBA'],"[ClassInstructor(name='Bohn Case, Laura', link='https://wheatoncollege.edu/academics/faculty-directory/laura-bohn/')]",,,,[],https://www.bkstr.com/webapp/wcs/stores/servlet/booklookServlet?bookstore_id-1=525&term_id-1=Spring+2015&div-1=&dept-1=GER&course-1=299&section-1=B02,"SeatInfo(max='Max Enroll: 1', taken='Max Enroll: 1', avail='Max Enroll: 1', wait_list='Max Enroll: 1')",,
268,GER,"ClassNumber(num='GER-303 B', link='https://weblprod1.wheatonma.edu/PROD/bzcrschd.P_ViewCourseDescription?term_in=201520&subj_code_in=GER&crse_numb_in=303&crn_in=10295&seq_numb_in=B')","ClassExam(letter='S.', link='https://weblprod1.wheatonma.edu/PROD/bzcrschd.P_DispExamInfo?exam_code=S.&course=GER-303 B&term_code=201520&term_desc=Spring 2015&crn=10295')",Marchen und Novellen,10295,['M W 2:00 PM - 3:20 PM'],['Meneely Hall 201'],"[ClassInstructor(name='Bohn Case, Laura', link='https://wheatoncollege.edu/academics/faculty-directory/laura-bohn/')]",,,,[],https://www.bkstr.com/webapp/wcs/stores/servlet/booklookServlet?bookstore_id-1=525&term_id-1=Spring+2015&div-1=&dept-1=GER&course-1=303&section-1=B,"SeatInfo(max='Max Enroll: 999', taken='Max Enroll: 999', avail='Max Enroll: 999', wait_list='Max Enroll: 999')",Course taught in German.  Prequisite: GER 240 or equivalent or permission of instructor. ,Monday Wednesday 2:00  - 3:20 
269,GER,"ClassNumber(num='GER-398 B02', link='https://weblprod1.wheatonma.edu/PROD/bzcrschd.P_ViewCourseDescription?term_in=201520&subj_code_in=GER&crse_numb_in=398&crn_in=10746&seq_numb_in=B02')","ClassExam(letter='J', link='https://weblprod1.wheatonma.edu/PROD/bzcrschd.P_DispExamInfo?exam_code=J&course=GER-398 B02&term_code=201520&term_desc=Spring 2015&crn=10746')",German Film,10746,[],[],[],,,,[],https://www.bkstr.com/webapp/wcs/stores/servlet/booklookServlet?bookstore_id-1=525&term_id-1=Spring+2015&div-1=&dept-1=GER&course-1=398&section-1=B02,"SeatInfo(max='Max Enroll: 1', taken='Max Enroll: 1', avail='Max Enroll: 1', wait_list='Max Enroll: 1')",,
270,GER,"ClassNumber(num='GER-399 B01', link='https://weblprod1.wheatonma.edu/PROD/bzcrschd.P_ViewCourseDescription?term_in=201520&subj_code_in=GER&crse_numb_in=399&crn_in=10616&seq_numb_in=B01')","ClassExam(letter='J.', link='https://weblprod1.wheatonma.edu/PROD/bzcrschd.P_DispExamInfo?exam_code=J.&course=GER-399 B01&term_code=201520&term_desc=Spring 2015&crn=10616')",Independent Study,10616,['TBA'],['Location info TBA'],"[ClassInstructor(name='Lee, Tessa C.', link='https://wheatoncollege.edu/academics/faculty-directory/Tessa-Lee/')]",,,,[],https://www.bkstr.com/webapp/wcs/stores/servlet/booklookServlet?bookstore_id-1=525&term_id-1=Spring+2015&div-1=&dept-1=GER&course-1=399&section-1=B01,"SeatInfo(max='Max Enroll: 1', taken='Max Enroll: 1', avail='Max Enroll: 1', wait_list='Max Enroll: 1')",,
271,GER,"ClassNumber(num='GER-499 B01', link='https://weblprod1.wheatonma.edu/PROD/bzcrschd.P_ViewCourseDescription?term_in=201520&subj_code_in=GER&crse_numb_in=499&crn_in=10631&seq_numb_in=B01')","ClassExam(letter='J.', link='https://weblprod1.wheatonma.edu/PROD/bzcrschd.P_DispExamInfo?exam_code=J.&course=GER-499 B01&term_code=201520&term_desc=Spring 2015&crn=10631')",Independent Study,10631,['TBA'],['Location info TBA'],"[ClassInstructor(name='Lee, Tessa C.', link='https://wheatoncollege.edu/academics/faculty-directory/Tessa-Lee/')]",,,,[],https://www.bkstr.com/webapp/wcs/stores/servlet/booklookServlet?bookstore_id-1=525&term_id-1=Spring+2015&div-1=&dept-1=GER&course-1=499&section-1=B01,"SeatInfo(max='Max Enroll: 1', taken='Max Enroll: 1', avail='Max Enroll: 1', wait_list='Max Enroll: 1')",,
272,GK,"ClassNumber(num='GK-101 B', link='https://weblprod1.wheatonma.edu/PROD/bzcrschd.P_ViewCourseDescription?term_in=201520&subj_code_in=GK&crse_numb_in=101&crn_in=10028&seq_numb_in=B')","ClassExam(letter='C.', link='https://weblprod1.wheatonma.edu/PROD/bzcrschd.P_DispExamInfo?exam_code=C.&course=GK-101 B&term_code=201520&term_desc=Spring 2015&crn=10028')",Elementary Greek,10028,['M W F 10:30 AM - 11:20 AM'],['Meneely Hall 302'],"[ClassInstructor(name='Haase, Timothy M.', link='https://wheatoncollege.edu/academics/faculty-directory/Timothy-Haase/')]",FL,,,[],https://www.bkstr.com/webapp/wcs/stores/servlet/booklookServlet?bookstore_id-1=525&term_id-1=Spring+2015&div-1=&dept-1=GK&course-1=101&section-1=B,"SeatInfo(max='Max Enroll: 24', taken='Max Enroll: 24', avail='Max Enroll: 24', wait_list='Max Enroll: 24')",One hour lab TBA. 18 seats reserved for First Year Students. Limited to 24. ,Monday Wednesday Friday 10:30  - 11:20 
273,GK,"ClassNumber(num='GK-222 B', link='https://weblprod1.wheatonma.edu/PROD/bzcrschd.P_ViewCourseDescription?term_in=201520&subj_code_in=GK&crse_numb_in=222&crn_in=10029&seq_numb_in=B')","ClassExam(letter='R.', link='https://weblprod1.wheatonma.edu/PROD/bzcrschd.P_DispExamInfo?exam_code=R.&course=GK-222 B&term_code=201520&term_desc=Spring 2015&crn=10029')","Homer, Iliad",10029,['M W F 1:00 PM - 1:50 PM'],['Meneely Hall 303'],"[ClassInstructor(name='Relihan, Joel C.', link='https://wheatoncollege.edu/academics/faculty-directory/Joel-c-Relihan/')]",FL,DVAH,,[],https://www.bkstr.com/webapp/wcs/stores/servlet/booklookServlet?bookstore_id-1=525&term_id-1=Spring+2015&div-1=&dept-1=GK&course-1=222&section-1=B,"SeatInfo(max='Max Enroll: 999', taken='Max Enroll: 999', avail='Max Enroll: 999', wait_list='Max Enroll: 999')",,Monday Wednesday Friday 1:00  - 1:50 
274,GK,"ClassNumber(num='GK-322 B', link='https://weblprod1.wheatonma.edu/PROD/bzcrschd.P_ViewCourseDescription?term_in=201520&subj_code_in=GK&crse_numb_in=322&crn_in=10030&seq_numb_in=B')","ClassExam(letter='R.', link='https://weblprod1.wheatonma.edu/PROD/bzcrschd.P_DispExamInfo?exam_code=R.&course=GK-322 B&term_code=201520&term_desc=Spring 2015&crn=10030')","Homer, Iliad",10030,['M W F 1:00 PM - 1:50 PM'],['Meneely Hall 303'],"[ClassInstructor(name='Relihan, Joel C.', link='https://wheatoncollege.edu/academics/faculty-directory/Joel-c-Relihan/')]",,,,[],https://www.bkstr.com/webapp/wcs/stores/servlet/booklookServlet?bookstore_id-1=525&term_id-1=Spring+2015&div-1=&dept-1=GK&course-1=322&section-1=B,"SeatInfo(max='Max Enroll: 999', taken='Max Enroll: 999', avail='Max Enroll: 999', wait_list='Max Enroll: 999')",,Monday Wednesday Friday 1:00  - 1:50 
275,HISP,"ClassNumber(num='HISP-102 B01', link='https://weblprod1.wheatonma.edu/PROD/bzcrschd.P_ViewCourseDescription?term_in=201520&subj_code_in=HISP&crse_numb_in=102&crn_in=10310&seq_numb_in=B01')","ClassExam(letter='S.', link='https://weblprod1.wheatonma.edu/PROD/bzcrschd.P_DispExamInfo?exam_code=S.&course=HISP-102 B01&term_code=201520&term_desc=Spring 2015&crn=10310')",Elementary Spanish II,10310,"['R 8:30 AM - 9:20 AM', 'M W F 9:30 AM - 10:20 AM']","['Meneely Hall 105', 'Meneely Hall 102']","[ClassInstructor(name='Perez-Toribio, Montserrat I.', link='https://wheatoncollege.edu/academics/faculty-directory/Montserrat-Perez-Toribio/')]",FL,,,[],https://www.bkstr.com/webapp/wcs/stores/servlet/booklookServlet?bookstore_id-1=525&term_id-1=Spring+2015&div-1=&dept-1=HISP&course-1=102&section-1=B01,"SeatInfo(max='Max Enroll: 20', taken='Max Enroll: 20', avail='Max Enroll: 20', wait_list='Max Enroll: 20')",A continuation of HISP 101. Limited to 20. ,Thursday 8:30  - 9:20  Monday Wednesday Friday 9:30  - 10:20 
276,HISP,"ClassNumber(num='HISP-102 B02', link='https://weblprod1.wheatonma.edu/PROD/bzcrschd.P_ViewCourseDescription?term_in=201520&subj_code_in=HISP&crse_numb_in=102&crn_in=10311&seq_numb_in=B02')","ClassExam(letter='S.', link='https://weblprod1.wheatonma.edu/PROD/bzcrschd.P_DispExamInfo?exam_code=S.&course=HISP-102 B02&term_code=201520&term_desc=Spring 2015&crn=10311')",Elementary Spanish II,10311,"['M W F 10:30 AM - 11:20 AM', 'R 1:00 PM - 1:50 PM']","['Meneely Hall 105', 'Meneely Hall 208']","[ClassInstructor(name='Perez-Toribio, Montserrat I.', link='https://wheatoncollege.edu/academics/faculty-directory/Montserrat-Perez-Toribio/')]",FL,,,[],https://www.bkstr.com/webapp/wcs/stores/servlet/booklookServlet?bookstore_id-1=525&term_id-1=Spring+2015&div-1=&dept-1=HISP&course-1=102&section-1=B02,"SeatInfo(max='Max Enroll: 20', taken='Max Enroll: 20', avail='Max Enroll: 20', wait_list='Max Enroll: 20')",A continuation of HISP 101. Limited to 20. ,Monday Wednesday Friday 10:30  - 11:20  Thursday 1:00  - 1:50 
277,HISP,"ClassNumber(num='HISP-106 B01', link='https://weblprod1.wheatonma.edu/PROD/bzcrschd.P_ViewCourseDescription?term_in=201520&subj_code_in=HISP&crse_numb_in=106&crn_in=10312&seq_numb_in=B01')","ClassExam(letter='A.', link='https://weblprod1.wheatonma.edu/PROD/bzcrschd.P_DispExamInfo?exam_code=A.&course=HISP-106 B01&term_code=201520&term_desc=Spring 2015&crn=10312')",Advanced Basic Spanish II,10312,"['M W F 8:30 AM - 9:20 AM', 'T 1:00 PM - 1:50 PM']","['Knapton Hall 114', 'Meneely Hall 208']","[ClassInstructor(name='Anzzolin, Kevin M.', link='https://wheatoncollege.edu/academics/faculty-directory/Kevin-Anzzolin/')]",FL,,,[],https://www.bkstr.com/webapp/wcs/stores/servlet/booklookServlet?bookstore_id-1=525&term_id-1=Spring+2015&div-1=&dept-1=HISP&course-1=106&section-1=B01,"SeatInfo(max='Max Enroll: 20', taken='Max Enroll: 20', avail='Max Enroll: 20', wait_list='Max Enroll: 20')",A continuation of HISP 105.  Limited to 20. ,Monday Wednesday Friday 8:30  - 9:20  Tuesday 1:00  - 1:50 
278,HISP,"ClassNumber(num='HISP-106 B02', link='https://weblprod1.wheatonma.edu/PROD/bzcrschd.P_ViewCourseDescription?term_in=201520&subj_code_in=HISP&crse_numb_in=106&crn_in=10313&seq_numb_in=B02')","ClassExam(letter='B.', link='https://weblprod1.wheatonma.edu/PROD/bzcrschd.P_DispExamInfo?exam_code=B.&course=HISP-106 B02&term_code=201520&term_desc=Spring 2015&crn=10313')",Advanced Basic Spanish II,10313,"['M W F 9:30 AM - 10:20 AM', 'T 3:30 PM - 4:20 PM']","['Meneely Hall 206', 'Meneely Hall 205']","[ClassInstructor(name='Shaw, Walter W.', link='https://wheatoncollege.edu/academics/faculty-directory/Walter-Shaw/')]",FL,,,[],https://www.bkstr.com/webapp/wcs/stores/servlet/booklookServlet?bookstore_id-1=525&term_id-1=Spring+2015&div-1=&dept-1=HISP&course-1=106&section-1=B02,"SeatInfo(max='Max Enroll: 20', taken='Max Enroll: 20', avail='Max Enroll: 20', wait_list='Max Enroll: 20')",A continuation of HISP 105.  Limited to 20. ,Monday Wednesday Friday 9:30  - 10:20  Tuesday 3:30  - 4:20 
279,HISP,"ClassNumber(num='HISP-106 B03', link='https://weblprod1.wheatonma.edu/PROD/bzcrschd.P_ViewCourseDescription?term_in=201520&subj_code_in=HISP&crse_numb_in=106&crn_in=10314&seq_numb_in=B03')","ClassExam(letter='C.', link='https://weblprod1.wheatonma.edu/PROD/bzcrschd.P_DispExamInfo?exam_code=C.&course=HISP-106 B03&term_code=201520&term_desc=Spring 2015&crn=10314')",Advanced Basic Spanish II,10314,"['T 8:30 AM - 9:20 AM', 'M W F 10:30 AM - 11:20 AM']","['Meneely Hall 206', 'Meneely Hall 102']","[ClassInstructor(name='Shaw, Walter W.', link='https://wheatoncollege.edu/academics/faculty-directory/Walter-Shaw/')]",FL,,,[],https://www.bkstr.com/webapp/wcs/stores/servlet/booklookServlet?bookstore_id-1=525&term_id-1=Spring+2015&div-1=&dept-1=HISP&course-1=106&section-1=B03,"SeatInfo(max='Max Enroll: 20', taken='Max Enroll: 20', avail='Max Enroll: 20', wait_list='Max Enroll: 20')",A continuation of HISP 105.  Limited to 20. ,Tuesday 8:30  - 9:20  Monday Wednesday Friday 10:30  - 11:20 
280,HISP,"ClassNumber(num='HISP-106 B04', link='https://weblprod1.wheatonma.edu/PROD/bzcrschd.P_ViewCourseDescription?term_in=201520&subj_code_in=HISP&crse_numb_in=106&crn_in=10315&seq_numb_in=B04')","ClassExam(letter='D.', link='https://weblprod1.wheatonma.edu/PROD/bzcrschd.P_DispExamInfo?exam_code=D.&course=HISP-106 B04&term_code=201520&term_desc=Spring 2015&crn=10315')",Advanced Basic Spanish II,10315,"['R 8:30 AM - 9:20 AM', 'M W F 11:30 AM - 12:20 PM']","['Knapton Hall 114', 'Meneely Hall 205']","[ClassInstructor(name='Anzzolin, Kevin M.', link='https://wheatoncollege.edu/academics/faculty-directory/Kevin-Anzzolin/')]",FL,,,[],https://www.bkstr.com/webapp/wcs/stores/servlet/booklookServlet?bookstore_id-1=525&term_id-1=Spring+2015&div-1=&dept-1=HISP&course-1=106&section-1=B04,"SeatInfo(max='Max Enroll: 20', taken='Max Enroll: 20', avail='Max Enroll: 20', wait_list='Max Enroll: 20')",A continuation of HISP 105.  Limited to 20. ,Thursday 8:30  - 9:20  Monday Wednesday Friday 11:30  - 12:20 
281,HISP,"ClassNumber(num='HISP-200 B01', link='https://weblprod1.wheatonma.edu/PROD/bzcrschd.P_ViewCourseDescription?term_in=201520&subj_code_in=HISP&crse_numb_in=200&crn_in=10316&seq_numb_in=B01')","ClassExam(letter='A.', link='https://weblprod1.wheatonma.edu/PROD/bzcrschd.P_DispExamInfo?exam_code=A.&course=HISP-200 B01&term_code=201520&term_desc=Spring 2015&crn=10316')",Intermediate Spanish II,10316,"['M W F 8:30 AM - 9:20 AM', 'T 1:00 PM - 1:50 PM']","['Meneely Hall 102', 'Meneely Hall 306']","[ClassInstructor(name='Watson, George A.', link='https://wheatoncollege.edu/academics/faculty-directory/')]",FL,DVAH,ARHM,[],https://www.bkstr.com/webapp/wcs/stores/servlet/booklookServlet?bookstore_id-1=525&term_id-1=Spring+2015&div-1=&dept-1=HISP&course-1=200&section-1=B01,"SeatInfo(max='Max Enroll: 20', taken='Max Enroll: 20', avail='Max Enroll: 20', wait_list='Max Enroll: 20')","Prerequisite: HISP 150, placement exam, or Permission of Department.  Limited to 20. ",Monday Wednesday Friday 8:30  - 9:20  Tuesday 1:00  - 1:50 
282,HISP,"ClassNumber(num='HISP-200 B02', link='https://weblprod1.wheatonma.edu/PROD/bzcrschd.P_ViewCourseDescription?term_in=201520&subj_code_in=HISP&crse_numb_in=200&crn_in=10317&seq_numb_in=B02')","ClassExam(letter='C.', link='https://weblprod1.wheatonma.edu/PROD/bzcrschd.P_DispExamInfo?exam_code=C.&course=HISP-200 B02&term_code=201520&term_desc=Spring 2015&crn=10317')",Intermediate Spanish II,10317,"['T 8:30 AM - 9:20 AM', 'M W F 10:30 AM - 11:20 AM']","['Meneely Hall 102', 'Meneely Hall 205']","[ClassInstructor(name='Medina, Hector', link='https://wheatoncollege.edu/academics/faculty-directory/Hector-Medina/')]",FL,DVAH,ARHM,[],https://www.bkstr.com/webapp/wcs/stores/servlet/booklookServlet?bookstore_id-1=525&term_id-1=Spring+2015&div-1=&dept-1=HISP&course-1=200&section-1=B02,"SeatInfo(max='Max Enroll: 20', taken='Max Enroll: 20', avail='Max Enroll: 20', wait_list='Max Enroll: 20')","Prerequisite: HISP 150, placement exam, or Permission of Department.  Limited to 20. ",Tuesday 8:30  - 9:20  Monday Wednesday Friday 10:30  - 11:20 
283,HISP,"ClassNumber(num='HISP-200 B03', link='https://weblprod1.wheatonma.edu/PROD/bzcrschd.P_ViewCourseDescription?term_in=201520&subj_code_in=HISP&crse_numb_in=200&crn_in=10318&seq_numb_in=B03')","ClassExam(letter='D.', link='https://weblprod1.wheatonma.edu/PROD/bzcrschd.P_DispExamInfo?exam_code=D.&course=HISP-200 B03&term_code=201520&term_desc=Spring 2015&crn=10318')",Intermediate Spanish II,10318,"['M W F 11:30 AM - 12:20 PM', 'T 3:30 PM - 4:20 PM']","['Meneely Hall 102', 'Meneely Hall 306']","[ClassInstructor(name='Medina, Hector', link='https://wheatoncollege.edu/academics/faculty-directory/Hector-Medina/')]",FL,DVAH,ARHM,[],https://www.bkstr.com/webapp/wcs/stores/servlet/booklookServlet?bookstore_id-1=525&term_id-1=Spring+2015&div-1=&dept-1=HISP&course-1=200&section-1=B03,"SeatInfo(max='Max Enroll: 20', taken='Max Enroll: 20', avail='Max Enroll: 20', wait_list='Max Enroll: 20')","Prerequisite: HISP 150, placement exam, or Permission of Department.  Limited to 20. ",Monday Wednesday Friday 11:30  - 12:20  Tuesday 3:30  - 4:20 
284,HISP,"ClassNumber(num='HISP-240 B01', link='https://weblprod1.wheatonma.edu/PROD/bzcrschd.P_ViewCourseDescription?term_in=201520&subj_code_in=HISP&crse_numb_in=240&crn_in=10319&seq_numb_in=B01')","ClassExam(letter='S.', link='https://weblprod1.wheatonma.edu/PROD/bzcrschd.P_DispExamInfo?exam_code=S.&course=HISP-240 B01&term_code=201520&term_desc=Spring 2015&crn=10319')",Composition &Cultural Analysis,10319,"['M 8:30 AM - 9:20 AM', 'T R 9:30 AM - 10:50 AM']","['Meneely Hall 208', 'Meneely Hall 306']","[ClassInstructor(name='Ledezma, Domingo A.', link='https://wheatoncollege.edu/academics/faculty-directory/Domingo-Ledezma/')]",FL,DVAH,ARHM,[],https://www.bkstr.com/webapp/wcs/stores/servlet/booklookServlet?bookstore_id-1=525&term_id-1=Spring+2015&div-1=&dept-1=HISP&course-1=240&section-1=B01,"SeatInfo(max='Max Enroll: 20', taken='Max Enroll: 20', avail='Max Enroll: 20', wait_list='Max Enroll: 20')","Prerequisite: HISP 220, placement exam, or Permission of Department.  Limited to 20. ",Monday 8:30  - 9:20  Tuesday Thursday 9:30  - 10:50 
285,HISP,"ClassNumber(num='HISP-240 B02', link='https://weblprod1.wheatonma.edu/PROD/bzcrschd.P_ViewCourseDescription?term_in=201520&subj_code_in=HISP&crse_numb_in=240&crn_in=10320&seq_numb_in=B02')","ClassExam(letter='S.', link='https://weblprod1.wheatonma.edu/PROD/bzcrschd.P_DispExamInfo?exam_code=S.&course=HISP-240 B02&term_code=201520&term_desc=Spring 2015&crn=10320')",Composition &Cultural Analysis,10320,"['F 8:30 AM - 9:20 AM', 'T R 11:00 AM - 12:20 PM']","['Meneely Hall 208', 'Meneely Hall 306']","[ClassInstructor(name='Ledezma, Domingo A.', link='https://wheatoncollege.edu/academics/faculty-directory/Domingo-Ledezma/')]",FL,DVAH,ARHM,[],https://www.bkstr.com/webapp/wcs/stores/servlet/booklookServlet?bookstore_id-1=525&term_id-1=Spring+2015&div-1=&dept-1=HISP&course-1=240&section-1=B02,"SeatInfo(max='Max Enroll: 20', taken='Max Enroll: 20', avail='Max Enroll: 20', wait_list='Max Enroll: 20')","Prerequisite: HISP 220, placement exam, or Permission of Department.  Limited to 20. ",Friday 8:30  - 9:20  Tuesday Thursday 11:00  - 12:20 
286,HISP,"ClassNumber(num='HISP-280 B', link='https://weblprod1.wheatonma.edu/PROD/bzcrschd.P_ViewCourseDescription?term_in=201520&subj_code_in=HISP&crse_numb_in=280&crn_in=10321&seq_numb_in=B')","ClassExam(letter='S.', link='https://weblprod1.wheatonma.edu/PROD/bzcrschd.P_DispExamInfo?exam_code=S.&course=HISP-280 B&term_code=201520&term_desc=Spring 2015&crn=10321')",The Hispanic World: Latin Amer,10321,['T R 9:30 AM - 10:50 AM'],['Meneely Hall 207'],"[ClassInstructor(name='Fernandez de Alba, Francisco', link='https://wheatoncollege.edu/academics/faculty-directory/Francisco-Fernandez de Alba/')]",BW,DVAH,ARHM,"[ClassConx(num='2303', link='https://weblprod1.wheatonma.edu/PROD/bzcrschd.P_ViewCourseDescription?term_in=201520&subj_code_in=CONX&crse_numb_in=23003&crn_in=&seq_numb_in=')]",https://www.bkstr.com/webapp/wcs/stores/servlet/booklookServlet?bookstore_id-1=525&term_id-1=Spring+2015&div-1=&dept-1=HISP&course-1=280&section-1=B,"SeatInfo(max='Max Enroll: 20', taken='Max Enroll: 20', avail='Max Enroll: 20', wait_list='Max Enroll: 20')",Prerequisite: HISP 240 or Permission of Department.  Limited to 20. ,Tuesday Thursday 9:30  - 10:50 
287,HISP,"ClassNumber(num='HISP-298 B01', link='https://weblprod1.wheatonma.edu/PROD/bzcrschd.P_ViewCourseDescription?term_in=201520&subj_code_in=HISP&crse_numb_in=298&crn_in=10509&seq_numb_in=B01')","ClassExam(letter='S.', link='https://weblprod1.wheatonma.edu/PROD/bzcrschd.P_DispExamInfo?exam_code=S.&course=HISP-298 B01&term_code=201520&term_desc=Spring 2015&crn=10509')",Queer Spain,10509,['M W 2:00 PM - 3:20 PM'],['Meneely Hall 303'],"[ClassInstructor(name='Perez-Toribio, Montserrat I.', link='https://wheatoncollege.edu/academics/faculty-directory/Montserrat-Perez-Toribio/')]",,,,[],https://www.bkstr.com/webapp/wcs/stores/servlet/booklookServlet?bookstore_id-1=525&term_id-1=Spring+2015&div-1=&dept-1=HISP&course-1=298&section-1=B01,"SeatInfo(max='Max Enroll: 999', taken='Max Enroll: 999', avail='Max Enroll: 999', wait_list='Max Enroll: 999')",Cross-listed with WGS 298 B02. ,Monday Wednesday 2:00  - 3:20 
288,HISP,"ClassNumber(num='HISP-300 B', link='https://weblprod1.wheatonma.edu/PROD/bzcrschd.P_ViewCourseDescription?term_in=201520&subj_code_in=HISP&crse_numb_in=300&crn_in=10510&seq_numb_in=B')","ClassExam(letter='S.', link='https://weblprod1.wheatonma.edu/PROD/bzcrschd.P_DispExamInfo?exam_code=S.&course=HISP-300 B&term_code=201520&term_desc=Spring 2015&crn=10510')",Spanish Practicum Internship,10510,['T R 11:00 AM - 12:20 PM'],['Meneely Hall 207'],"[ClassInstructor(name='Fernandez de Alba, Francisco', link='https://wheatoncollege.edu/academics/faculty-directory/Francisco-Fernandez de Alba/')]",,,,"[ClassConx(num='2058', link='https://weblprod1.wheatonma.edu/PROD/bzcrschd.P_ViewCourseDescription?term_in=201520&subj_code_in=CONX&crse_numb_in=20058&crn_in=&seq_numb_in=')]",https://www.bkstr.com/webapp/wcs/stores/servlet/booklookServlet?bookstore_id-1=525&term_id-1=Spring+2015&div-1=&dept-1=HISP&course-1=300&section-1=B,"SeatInfo(max='Max Enroll: 999', taken='Max Enroll: 999', avail='Max Enroll: 999', wait_list='Max Enroll: 999')",,Tuesday Thursday 11:00  - 12:20 
289,HISP,"ClassNumber(num='HISP-316 B', link='https://weblprod1.wheatonma.edu/PROD/bzcrschd.P_ViewCourseDescription?term_in=201520&subj_code_in=HISP&crse_numb_in=316&crn_in=10511&seq_numb_in=B')","ClassExam(letter='S.', link='https://weblprod1.wheatonma.edu/PROD/bzcrschd.P_DispExamInfo?exam_code=S.&course=HISP-316 B&term_code=201520&term_desc=Spring 2015&crn=10511')",The Mexican Revolution,10511,['M W 12:30 PM - 1:50 PM'],['Meneely Hall 305'],"[ClassInstructor(name='Anzzolin, Kevin M.', link='https://wheatoncollege.edu/academics/faculty-directory/Kevin-Anzzolin/')]",,,,"[ClassConx(num='2303', link='https://weblprod1.wheatonma.edu/PROD/bzcrschd.P_ViewCourseDescription?term_in=201520&subj_code_in=CONX&crse_numb_in=23003&crn_in=&seq_numb_in=')]",https://www.bkstr.com/webapp/wcs/stores/servlet/booklookServlet?bookstore_id-1=525&term_id-1=Spring+2015&div-1=&dept-1=HISP&course-1=316&section-1=B,"SeatInfo(max='Max Enroll: 999', taken='Max Enroll: 999', avail='Max Enroll: 999', wait_list='Max Enroll: 999')",Prerequisite: HISP 240 or Permission of Department. ,Monday Wednesday 12:30  - 1:50 
290,HISP,"ClassNumber(num='HISP-398 B01', link='https://weblprod1.wheatonma.edu/PROD/bzcrschd.P_ViewCourseDescription?term_in=201520&subj_code_in=HISP&crse_numb_in=398&crn_in=10324&seq_numb_in=B01')","ClassExam(letter='S.', link='https://weblprod1.wheatonma.edu/PROD/bzcrschd.P_DispExamInfo?exam_code=S.&course=HISP-398 B01&term_code=201520&term_desc=Spring 2015&crn=10324')",Queer Spain,10324,['M W 2:00 PM - 3:20 PM'],['Meneely Hall 303'],"[ClassInstructor(name='Perez-Toribio, Montserrat I.', link='https://wheatoncollege.edu/academics/faculty-directory/Montserrat-Perez-Toribio/')]",,,,[],https://www.bkstr.com/webapp/wcs/stores/servlet/booklookServlet?bookstore_id-1=525&term_id-1=Spring+2015&div-1=&dept-1=HISP&course-1=398&section-1=B01,"SeatInfo(max='Max Enroll: 999', taken='Max Enroll: 999', avail='Max Enroll: 999', wait_list='Max Enroll: 999')",Cross-listed with WGS 398 B01. ,Monday Wednesday 2:00  - 3:20 
291,HIST,"ClassNumber(num='HIST-050 B', link='https://weblprod1.wheatonma.edu/PROD/bzcrschd.P_ViewCourseDescription?term_in=201520&subj_code_in=HIST&crse_numb_in=050&crn_in=10413&seq_numb_in=B')","ClassExam(letter='S.', link='https://weblprod1.wheatonma.edu/PROD/bzcrschd.P_DispExamInfo?exam_code=S.&course=HIST-050 B&term_code=201520&term_desc=Spring 2015&crn=10413')",Senior Colloq in Amer Studies,10413,['T 2:00 PM - 4:00 PM'],['Science Center A209'],"[ClassInstructor(name='Bloom, Alexander', link='https://wheatoncollege.edu/academics/faculty-directory/Alexander-Bloom/')]",,,ARHS,[],https://www.bkstr.com/webapp/wcs/stores/servlet/booklookServlet?bookstore_id-1=525&term_id-1=Spring+2015&div-1=&dept-1=HIST&course-1=050&section-1=B,"SeatInfo(max='Max Enroll: 999', taken='Max Enroll: 999', avail='Max Enroll: 999', wait_list='Max Enroll: 999')","Required of, and limited to, Senior American Studies Majors (.50 Credit). ",Tuesday 2:00  - 4:00 
292,HIST,"ClassNumber(num='HIST-111 B', link='https://weblprod1.wheatonma.edu/PROD/bzcrschd.P_ViewCourseDescription?term_in=201520&subj_code_in=HIST&crse_numb_in=111&crn_in=10438&seq_numb_in=B')","ClassExam(letter='S.', link='https://weblprod1.wheatonma.edu/PROD/bzcrschd.P_DispExamInfo?exam_code=S.&course=HIST-111 B&term_code=201520&term_desc=Spring 2015&crn=10438')",History of Europe to 1000 CE,10438,['M W F 11:30 AM - 12:20 PM'],['Meneely Hall 105'],"[ClassInstructor(name='Polanichka, Dana M.', link='https://wheatoncollege.edu/academics/faculty-directory/dana-m-polanichka/')]",,DVAH,ARHS,"[ClassConx(num='2075', link='https://weblprod1.wheatonma.edu/PROD/bzcrschd.P_ViewCourseDescription?term_in=201520&subj_code_in=CONX&crse_numb_in=20075&crn_in=&seq_numb_in=')]",https://www.bkstr.com/webapp/wcs/stores/servlet/booklookServlet?bookstore_id-1=525&term_id-1=Spring+2015&div-1=&dept-1=HIST&course-1=111&section-1=B,"SeatInfo(max='Max Enroll: 45', taken='Max Enroll: 45', avail='Max Enroll: 45', wait_list='Max Enroll: 45')",15 seats reserved for First Year Students. Limited to 45. ,Monday Wednesday Friday 11:30  - 12:20 
293,HIST,"ClassNumber(num='HIST-113 B', link='https://weblprod1.wheatonma.edu/PROD/bzcrschd.P_ViewCourseDescription?term_in=201520&subj_code_in=HIST&crse_numb_in=113&crn_in=10437&seq_numb_in=B')","ClassExam(letter='S.', link='https://weblprod1.wheatonma.edu/PROD/bzcrschd.P_DispExamInfo?exam_code=S.&course=HIST-113 B&term_code=201520&term_desc=Spring 2015&crn=10437')",History of Europe Since 1700,10437,['T R 3:30 PM - 4:50 PM'],['Mary Lyon Hall 211'],"[ClassInstructor(name='Cecil, Anni P.', link='https://wheatoncollege.edu/academics/faculty-directory/Anni-Cecil/')]",,DVAH,ARHS,[],https://www.bkstr.com/webapp/wcs/stores/servlet/booklookServlet?bookstore_id-1=525&term_id-1=Spring+2015&div-1=&dept-1=HIST&course-1=113&section-1=B,"SeatInfo(max='Max Enroll: 999', taken='Max Enroll: 999', avail='Max Enroll: 999', wait_list='Max Enroll: 999')",,Tuesday Thursday 3:30  - 4:50 
294,HIST,"ClassNumber(num='HIST-198 B01', link='https://weblprod1.wheatonma.edu/PROD/bzcrschd.P_ViewCourseDescription?term_in=201520&subj_code_in=HIST&crse_numb_in=198&crn_in=10409&seq_numb_in=B01')","ClassExam(letter='S.', link='https://weblprod1.wheatonma.edu/PROD/bzcrschd.P_DispExamInfo?exam_code=S.&course=HIST-198 B01&term_code=201520&term_desc=Spring 2015&crn=10409')",U.S. Military History,10409,['T R 2:00 PM - 3:20 PM'],['Mary Lyon Hall 211'],"[ClassInstructor(name='Cecil, Anni P.', link='https://wheatoncollege.edu/academics/faculty-directory/Anni-Cecil/')]",,,ARHS,[],https://www.bkstr.com/webapp/wcs/stores/servlet/booklookServlet?bookstore_id-1=525&term_id-1=Spring+2015&div-1=&dept-1=HIST&course-1=198&section-1=B01,"SeatInfo(max='Max Enroll: 999', taken='Max Enroll: 999', avail='Max Enroll: 999', wait_list='Max Enroll: 999')",,Tuesday Thursday 2:00  - 3:20 
295,HIST,"ClassNumber(num='HIST-198 B02', link='https://weblprod1.wheatonma.edu/PROD/bzcrschd.P_ViewCourseDescription?term_in=201520&subj_code_in=HIST&crse_numb_in=198&crn_in=10412&seq_numb_in=B02')","ClassExam(letter='R.', link='https://weblprod1.wheatonma.edu/PROD/bzcrschd.P_DispExamInfo?exam_code=R.&course=HIST-198 B02&term_code=201520&term_desc=Spring 2015&crn=10412')",Modern Southeast Asia,10412,['M W 3:30 PM - 4:50 PM'],['Knapton Hall 218'],"[ClassInstructor(name='Pearson, Quentin', link='https://wheatoncollege.edu/academics/faculty-directory/Quentin-Pearson/')]",BW,,ARHS,[],https://www.bkstr.com/webapp/wcs/stores/servlet/booklookServlet?bookstore_id-1=525&term_id-1=Spring+2015&div-1=&dept-1=HIST&course-1=198&section-1=B02,"SeatInfo(max='Max Enroll: 999', taken='Max Enroll: 999', avail='Max Enroll: 999', wait_list='Max Enroll: 999')",,Monday Wednesday 3:30  - 4:50 
296,HIST,"ClassNumber(num='HIST-198 B03', link='https://weblprod1.wheatonma.edu/PROD/bzcrschd.P_ViewCourseDescription?term_in=201520&subj_code_in=HIST&crse_numb_in=198&crn_in=10414&seq_numb_in=B03')","ClassExam(letter='R.', link='https://weblprod1.wheatonma.edu/PROD/bzcrschd.P_DispExamInfo?exam_code=R.&course=HIST-198 B03&term_code=201520&term_desc=Spring 2015&crn=10414')",Rel & Rebel in Colonial Asia,10414,['M W 12:30 PM - 1:50 PM'],['Knapton Hall 214'],"[ClassInstructor(name='Pearson, Quentin', link='https://wheatoncollege.edu/academics/faculty-directory/Quentin-Pearson/')]",BW,,ARHS,[],https://www.bkstr.com/webapp/wcs/stores/servlet/booklookServlet?bookstore_id-1=525&term_id-1=Spring+2015&div-1=&dept-1=HIST&course-1=198&section-1=B03,"SeatInfo(max='Max Enroll: 999', taken='Max Enroll: 999', avail='Max Enroll: 999', wait_list='Max Enroll: 999')",,Monday Wednesday 12:30  - 1:50 
297,HIST,"ClassNumber(num='HIST-201 B', link='https://weblprod1.wheatonma.edu/PROD/bzcrschd.P_ViewCourseDescription?term_in=201520&subj_code_in=HIST&crse_numb_in=201&crn_in=10400&seq_numb_in=B')","ClassExam(letter='S.', link='https://weblprod1.wheatonma.edu/PROD/bzcrschd.P_DispExamInfo?exam_code=S.&course=HIST-201 B&term_code=201520&term_desc=Spring 2015&crn=10400')",Amer Colonial History to 1776,10400,['M W F 10:30 AM - 11:20 AM'],['Knapton Hall 218'],"[ClassInstructor(name='Bezis-Selfa, John', link='https://wheatoncollege.edu/academics/faculty-directory/John-Bezis-Selfa/')]",,DVAH,ARHS,"[ClassConx(num='2057', link='https://weblprod1.wheatonma.edu/PROD/bzcrschd.P_ViewCourseDescription?term_in=201520&subj_code_in=CONX&crse_numb_in=20057&crn_in=&seq_numb_in=')]",https://www.bkstr.com/webapp/wcs/stores/servlet/booklookServlet?bookstore_id-1=525&term_id-1=Spring+2015&div-1=&dept-1=HIST&course-1=201&section-1=B,"SeatInfo(max='Max Enroll: 999', taken='Max Enroll: 999', avail='Max Enroll: 999', wait_list='Max Enroll: 999')",,Monday Wednesday Friday 10:30  - 11:20 
298,HIST,"ClassNumber(num='HIST-204 B', link='https://weblprod1.wheatonma.edu/PROD/bzcrschd.P_ViewCourseDescription?term_in=201520&subj_code_in=HIST&crse_numb_in=204&crn_in=10411&seq_numb_in=B')","ClassExam(letter='N.', link='https://weblprod1.wheatonma.edu/PROD/bzcrschd.P_DispExamInfo?exam_code=N.&course=HIST-204 B&term_code=201520&term_desc=Spring 2015&crn=10411')",Ind & Empire: The US 1876-1914,10411,['T R 11:00 AM - 12:20 PM'],['Meneely Hall 103'],"[ClassInstructor(name='Pouliot, Jordan L.', link='https://wheatoncollege.edu/academics/faculty-directory/Jordan-Pouliot/')]",,DVAH,ARHS,[],https://www.bkstr.com/webapp/wcs/stores/servlet/booklookServlet?bookstore_id-1=525&term_id-1=Spring+2015&div-1=&dept-1=HIST&course-1=204&section-1=B,"SeatInfo(max='Max Enroll: 45', taken='Max Enroll: 45', avail='Max Enroll: 45', wait_list='Max Enroll: 45')",Limited to 45. ,Tuesday Thursday 11:00  - 12:20 
299,HIST,"ClassNumber(num='HIST-206 B', link='https://weblprod1.wheatonma.edu/PROD/bzcrschd.P_ViewCourseDescription?term_in=201520&subj_code_in=HIST&crse_numb_in=206&crn_in=10407&seq_numb_in=B')","ClassExam(letter='U.', link='https://weblprod1.wheatonma.edu/PROD/bzcrschd.P_DispExamInfo?exam_code=U.&course=HIST-206 B&term_code=201520&term_desc=Spring 2015&crn=10407')",Modern America: 1945-Present,10407,['T R 9:30 AM - 10:50 AM'],['Mary Lyon Hall 211'],"[ClassInstructor(name='Bloom, Alexander', link='https://wheatoncollege.edu/academics/faculty-directory/Alexander-Bloom/')]",,DVAH,ARHS,"[ClassConx(num='2033', link='https://weblprod1.wheatonma.edu/PROD/bzcrschd.P_ViewCourseDescription?term_in=201520&subj_code_in=CONX&crse_numb_in=20033&crn_in=&seq_numb_in='), ClassConx(num='2034', link='https://weblprod1.wheatonma.edu/PROD/bzcrschd.P_ViewCourseDescription?term_in=201520&subj_code_in=CONX&crse_numb_in=20034&crn_in=&seq_numb_in=')]",https://www.bkstr.com/webapp/wcs/stores/servlet/booklookServlet?bookstore_id-1=525&term_id-1=Spring+2015&div-1=&dept-1=HIST&course-1=206&section-1=B,"SeatInfo(max='Max Enroll: 999', taken='Max Enroll: 999', avail='Max Enroll: 999', wait_list='Max Enroll: 999')",,Tuesday Thursday 9:30  - 10:50 
300,HIST,"ClassNumber(num='HIST-208 B', link='https://weblprod1.wheatonma.edu/PROD/bzcrschd.P_ViewCourseDescription?term_in=201520&subj_code_in=HIST&crse_numb_in=208&crn_in=10515&seq_numb_in=B')","ClassExam(letter='S.', link='https://weblprod1.wheatonma.edu/PROD/bzcrschd.P_DispExamInfo?exam_code=S.&course=HIST-208 B&term_code=201520&term_desc=Spring 2015&crn=10515')",American Indian Histories,10515,['M W 2:00 PM - 3:20 PM'],['Knapton Hall 214'],"[ClassInstructor(name='Bezis-Selfa, John', link='https://wheatoncollege.edu/academics/faculty-directory/John-Bezis-Selfa/')]",BW,DVAH,,[],https://www.bkstr.com/webapp/wcs/stores/servlet/booklookServlet?bookstore_id-1=525&term_id-1=Spring+2015&div-1=&dept-1=HIST&course-1=208&section-1=B,"SeatInfo(max='Max Enroll: 999', taken='Max Enroll: 999', avail='Max Enroll: 999', wait_list='Max Enroll: 999')",,Monday Wednesday 2:00  - 3:20 
301,HIST,"ClassNumber(num='HIST-219 B', link='https://weblprod1.wheatonma.edu/PROD/bzcrschd.P_ViewCourseDescription?term_in=201520&subj_code_in=HIST&crse_numb_in=219&crn_in=10401&seq_numb_in=B')","ClassExam(letter='S.', link='https://weblprod1.wheatonma.edu/PROD/bzcrschd.P_DispExamInfo?exam_code=S.&course=HIST-219 B&term_code=201520&term_desc=Spring 2015&crn=10401')",Norte y Sur: Mod Spanish Amer,10401,['M W F 11:30 AM - 12:20 PM'],['Knapton Hall 218'],"[ClassInstructor(name='Bezis-Selfa, John', link='https://wheatoncollege.edu/academics/faculty-directory/John-Bezis-Selfa/')]",BW,DVAH,ARHS,"[ClassConx(num='2303', link='https://weblprod1.wheatonma.edu/PROD/bzcrschd.P_ViewCourseDescription?term_in=201520&subj_code_in=CONX&crse_numb_in=23003&crn_in=&seq_numb_in=')]",https://www.bkstr.com/webapp/wcs/stores/servlet/booklookServlet?bookstore_id-1=525&term_id-1=Spring+2015&div-1=&dept-1=HIST&course-1=219&section-1=B,"SeatInfo(max='Max Enroll: 45', taken='Max Enroll: 45', avail='Max Enroll: 45', wait_list='Max Enroll: 45')",Limited to 45. ,Monday Wednesday Friday 11:30  - 12:20 
302,HIST,"ClassNumber(num='HIST-234 B', link='https://weblprod1.wheatonma.edu/PROD/bzcrschd.P_ViewCourseDescription?term_in=201520&subj_code_in=HIST&crse_numb_in=234&crn_in=10402&seq_numb_in=B')","ClassExam(letter='S.', link='https://weblprod1.wheatonma.edu/PROD/bzcrschd.P_DispExamInfo?exam_code=S.&course=HIST-234 B&term_code=201520&term_desc=Spring 2015&crn=10402')",U.S. Women since 1890,10402,['M W 12:30 PM - 1:50 PM'],['Knapton Hall 114'],"[ClassInstructor(name='Tomasek, Kathryn A.', link='https://wheatoncollege.edu/academics/faculty-directory/Kathryn-Tomasek/')]",,DVAH,ARHS,"[ClassConx(num='2305', link='https://weblprod1.wheatonma.edu/PROD/bzcrschd.P_ViewCourseDescription?term_in=201520&subj_code_in=CONX&crse_numb_in=23005&crn_in=&seq_numb_in=')]",https://www.bkstr.com/webapp/wcs/stores/servlet/booklookServlet?bookstore_id-1=525&term_id-1=Spring+2015&div-1=&dept-1=HIST&course-1=234&section-1=B,"SeatInfo(max='Max Enroll: 45', taken='Max Enroll: 45', avail='Max Enroll: 45', wait_list='Max Enroll: 45')",Cross-listed with WGS 238.  Limited to 45. ,Monday Wednesday 12:30  - 1:50 
303,HIST,"ClassNumber(num='HIST-252 B', link='https://weblprod1.wheatonma.edu/PROD/bzcrschd.P_ViewCourseDescription?term_in=201520&subj_code_in=HIST&crse_numb_in=252&crn_in=10406&seq_numb_in=B')","ClassExam(letter='R.', link='https://weblprod1.wheatonma.edu/PROD/bzcrschd.P_DispExamInfo?exam_code=R.&course=HIST-252 B&term_code=201520&term_desc=Spring 2015&crn=10406')",Modern Middle East 1800-1992,10406,['T R 12:30 PM - 1:50 PM'],['Meneely Hall 207'],"[ClassInstructor(name='Hussain, Shahla', link='https://wheatoncollege.edu/academics/faculty-directory/Shahla-Hussain/')]",BW,DVAH,ARHS,[],https://www.bkstr.com/webapp/wcs/stores/servlet/booklookServlet?bookstore_id-1=525&term_id-1=Spring+2015&div-1=&dept-1=HIST&course-1=252&section-1=B,"SeatInfo(max='Max Enroll: 45', taken='Max Enroll: 45', avail='Max Enroll: 45', wait_list='Max Enroll: 45')",Limited to 45. ,Tuesday Thursday 12:30  - 1:50 
304,HIST,"ClassNumber(num='HIST-298 B01', link='https://weblprod1.wheatonma.edu/PROD/bzcrschd.P_ViewCourseDescription?term_in=201520&subj_code_in=HIST&crse_numb_in=298&crn_in=10408&seq_numb_in=B01')","ClassExam(letter='R.', link='https://weblprod1.wheatonma.edu/PROD/bzcrschd.P_DispExamInfo?exam_code=R.&course=HIST-298 B01&term_code=201520&term_desc=Spring 2015&crn=10408')",The Culture of Capitalism,10408,['T R 9:30 AM - 10:50 AM'],['Meneely Hall 104'],"[ClassInstructor(name='Pouliot, Jordan L.', link='https://wheatoncollege.edu/academics/faculty-directory/Jordan-Pouliot/')]",,,ARHS,[],https://www.bkstr.com/webapp/wcs/stores/servlet/booklookServlet?bookstore_id-1=525&term_id-1=Spring+2015&div-1=&dept-1=HIST&course-1=298&section-1=B01,"SeatInfo(max='Max Enroll: 999', taken='Max Enroll: 999', avail='Max Enroll: 999', wait_list='Max Enroll: 999')",,Tuesday Thursday 9:30  - 10:50 
305,HIST,"ClassNumber(num='HIST-298 B02', link='https://weblprod1.wheatonma.edu/PROD/bzcrschd.P_ViewCourseDescription?term_in=201520&subj_code_in=HIST&crse_numb_in=298&crn_in=10417&seq_numb_in=B02')","ClassExam(letter='S.', link='https://weblprod1.wheatonma.edu/PROD/bzcrschd.P_DispExamInfo?exam_code=S.&course=HIST-298 B02&term_code=201520&term_desc=Spring 2015&crn=10417')",Charlemagne and Family,10417,['M W 2:00 PM - 3:20 PM'],['Meneely Hall 305'],"[ClassInstructor(name='Polanichka, Dana M.', link='https://wheatoncollege.edu/academics/faculty-directory/dana-m-polanichka/')]",,,ARHS,[],https://www.bkstr.com/webapp/wcs/stores/servlet/booklookServlet?bookstore_id-1=525&term_id-1=Spring+2015&div-1=&dept-1=HIST&course-1=298&section-1=B02,"SeatInfo(max='Max Enroll: 999', taken='Max Enroll: 999', avail='Max Enroll: 999', wait_list='Max Enroll: 999')",,Monday Wednesday 2:00  - 3:20 
306,HIST,"ClassNumber(num='HIST-298 B03', link='https://weblprod1.wheatonma.edu/PROD/bzcrschd.P_ViewCourseDescription?term_in=201520&subj_code_in=HIST&crse_numb_in=298&crn_in=10516&seq_numb_in=B03')","ClassExam(letter='R.', link='https://weblprod1.wheatonma.edu/PROD/bzcrschd.P_DispExamInfo?exam_code=R.&course=HIST-298 B03&term_code=201520&term_desc=Spring 2015&crn=10516')",History of South Asia,10516,['T R 2:00 PM - 3:20 PM'],['Meneely Hall 303'],"[ClassInstructor(name='Hussain, Shahla', link='https://wheatoncollege.edu/academics/faculty-directory/Shahla-Hussain/')]",BW,,ARHS,[],https://www.bkstr.com/webapp/wcs/stores/servlet/booklookServlet?bookstore_id-1=525&term_id-1=Spring+2015&div-1=&dept-1=HIST&course-1=298&section-1=B03,"SeatInfo(max='Max Enroll: 999', taken='Max Enroll: 999', avail='Max Enroll: 999', wait_list='Max Enroll: 999')",,Tuesday Thursday 2:00  - 3:20 
307,HIST,"ClassNumber(num='HIST-299 B01', link='https://weblprod1.wheatonma.edu/PROD/bzcrschd.P_ViewCourseDescription?term_in=201520&subj_code_in=HIST&crse_numb_in=299&crn_in=10597&seq_numb_in=B01')","ClassExam(letter='J.', link='https://weblprod1.wheatonma.edu/PROD/bzcrschd.P_DispExamInfo?exam_code=J.&course=HIST-299 B01&term_code=201520&term_desc=Spring 2015&crn=10597')",Selected Topics,10597,['TBA'],['Location info TBA'],"[ClassInstructor(name='Cathcart, Dolita D.', link='https://wheatoncollege.edu/academics/faculty-directory/Dolita-Cathcart/')]",,,,[],https://www.bkstr.com/webapp/wcs/stores/servlet/booklookServlet?bookstore_id-1=525&term_id-1=Spring+2015&div-1=&dept-1=HIST&course-1=299&section-1=B01,"SeatInfo(max='Max Enroll: 1', taken='Max Enroll: 1', avail='Max Enroll: 1', wait_list='Max Enroll: 1')",,
308,HIST,"ClassNumber(num='HIST-332 B', link='https://weblprod1.wheatonma.edu/PROD/bzcrschd.P_ViewCourseDescription?term_in=201520&subj_code_in=HIST&crse_numb_in=332&crn_in=10410&seq_numb_in=B')","ClassExam(letter='S.', link='https://weblprod1.wheatonma.edu/PROD/bzcrschd.P_DispExamInfo?exam_code=S.&course=HIST-332 B&term_code=201520&term_desc=Spring 2015&crn=10410')",US Soc & Intel His Since 1876,10410,['T R 11:00 AM - 12:20 PM'],['Knapton Hall 315'],"[ClassInstructor(name='Bloom, Alexander', link='https://wheatoncollege.edu/academics/faculty-directory/Alexander-Bloom/')]",,DVAH,ARHS,[],https://www.bkstr.com/webapp/wcs/stores/servlet/booklookServlet?bookstore_id-1=525&term_id-1=Spring+2015&div-1=&dept-1=HIST&course-1=332&section-1=B,"SeatInfo(max='Max Enroll: 20', taken='Max Enroll: 20', avail='Max Enroll: 20', wait_list='Max Enroll: 20')",Open to Juniors and Seniors.  Limited to 20. ,Tuesday Thursday 11:00  - 12:20 
309,HIST,"ClassNumber(num='HIST-398 B01', link='https://weblprod1.wheatonma.edu/PROD/bzcrschd.P_ViewCourseDescription?term_in=201520&subj_code_in=HIST&crse_numb_in=398&crn_in=10475&seq_numb_in=B01')","ClassExam(letter='R.', link='https://weblprod1.wheatonma.edu/PROD/bzcrschd.P_DispExamInfo?exam_code=R.&course=HIST-398 B01&term_code=201520&term_desc=Spring 2015&crn=10475')",Early Modern Europe & World,10475,['T R 12:30 PM - 1:50 PM'],['Knapton Hall 315'],"[ClassInstructor(name='Perille, Laura', link='https://wheatoncollege.edu/academics/faculty-directory/Laura-Perille/')]",,,,[],https://www.bkstr.com/webapp/wcs/stores/servlet/booklookServlet?bookstore_id-1=525&term_id-1=Spring+2015&div-1=&dept-1=HIST&course-1=398&section-1=B01,"SeatInfo(max='Max Enroll: 999', taken='Max Enroll: 999', avail='Max Enroll: 999', wait_list='Max Enroll: 999')",,Tuesday Thursday 12:30  - 1:50 
310,HIST,"ClassNumber(num='HIST-399 B01', link='https://weblprod1.wheatonma.edu/PROD/bzcrschd.P_ViewCourseDescription?term_in=201520&subj_code_in=HIST&crse_numb_in=399&crn_in=10585&seq_numb_in=B01')","ClassExam(letter='J.', link='https://weblprod1.wheatonma.edu/PROD/bzcrschd.P_DispExamInfo?exam_code=J.&course=HIST-399 B01&term_code=201520&term_desc=Spring 2015&crn=10585')",Ind Stdy: US Women Hist Rights,10585,['TBA'],['Location info TBA'],"[ClassInstructor(name='Tomasek, Kathryn A.', link='https://wheatoncollege.edu/academics/faculty-directory/Kathryn-Tomasek/')]",,,,[],https://www.bkstr.com/webapp/wcs/stores/servlet/booklookServlet?bookstore_id-1=525&term_id-1=Spring+2015&div-1=&dept-1=HIST&course-1=399&section-1=B01,"SeatInfo(max='Max Enroll: 1', taken='Max Enroll: 1', avail='Max Enroll: 1', wait_list='Max Enroll: 1')",Permission of Instructor. ,
311,HIST,"ClassNumber(num='HIST-399 B02', link='https://weblprod1.wheatonma.edu/PROD/bzcrschd.P_ViewCourseDescription?term_in=201520&subj_code_in=HIST&crse_numb_in=399&crn_in=10679&seq_numb_in=B02')","ClassExam(letter='J.', link='https://weblprod1.wheatonma.edu/PROD/bzcrschd.P_DispExamInfo?exam_code=J.&course=HIST-399 B02&term_code=201520&term_desc=Spring 2015&crn=10679')",Selected Topics,10679,['TBA'],['Location info TBA'],"[ClassInstructor(name='Polanichka, Dana M.', link='https://wheatoncollege.edu/academics/faculty-directory/dana-m-polanichka/')]",,,,[],https://www.bkstr.com/webapp/wcs/stores/servlet/booklookServlet?bookstore_id-1=525&term_id-1=Spring+2015&div-1=&dept-1=HIST&course-1=399&section-1=B02,"SeatInfo(max='Max Enroll: 1', taken='Max Enroll: 1', avail='Max Enroll: 1', wait_list='Max Enroll: 1')",Permission of Instructor. ,
312,HIST,"ClassNumber(num='HIST-399 B03', link='https://weblprod1.wheatonma.edu/PROD/bzcrschd.P_ViewCourseDescription?term_in=201520&subj_code_in=HIST&crse_numb_in=399&crn_in=10681&seq_numb_in=B03')","ClassExam(letter='J.', link='https://weblprod1.wheatonma.edu/PROD/bzcrschd.P_DispExamInfo?exam_code=J.&course=HIST-399 B03&term_code=201520&term_desc=Spring 2015&crn=10681')",Selected Topics,10681,['TBA'],['Location info TBA'],"[ClassInstructor(name='Bezis-Selfa, John', link='https://wheatoncollege.edu/academics/faculty-directory/John-Bezis-Selfa/')]",,,,[],https://www.bkstr.com/webapp/wcs/stores/servlet/booklookServlet?bookstore_id-1=525&term_id-1=Spring+2015&div-1=&dept-1=HIST&course-1=399&section-1=B03,"SeatInfo(max='Max Enroll: 2', taken='Max Enroll: 2', avail='Max Enroll: 2', wait_list='Max Enroll: 2')",Permission of Instructor. ,
313,HIST,"ClassNumber(num='HIST-401 B', link='https://weblprod1.wheatonma.edu/PROD/bzcrschd.P_ViewCourseDescription?term_in=201520&subj_code_in=HIST&crse_numb_in=401&crn_in=10416&seq_numb_in=B')","ClassExam(letter='S.', link='https://weblprod1.wheatonma.edu/PROD/bzcrschd.P_DispExamInfo?exam_code=S.&course=HIST-401 B&term_code=201520&term_desc=Spring 2015&crn=10416')",Seminar,10416,['W 2:00 PM - 4:50 PM'],['Knapton Hall 114'],"[ClassInstructor(name='Tomasek, Kathryn A.', link='https://wheatoncollege.edu/academics/faculty-directory/Kathryn-Tomasek/')]",,DVAH,ARHS,[],https://www.bkstr.com/webapp/wcs/stores/servlet/booklookServlet?bookstore_id-1=525&term_id-1=Spring+2015&div-1=&dept-1=HIST&course-1=401&section-1=B,"SeatInfo(max='Max Enroll: 12', taken='Max Enroll: 12', avail='Max Enroll: 12', wait_list='Max Enroll: 12')","Open to Seniors, with preference given to those majoring in History and American Studies.  Limited to 12. ",Wednesday 2:00  - 4:50 
314,HIST,"ClassNumber(num='HIST-500 D01', link='https://weblprod1.wheatonma.edu/PROD/bzcrschd.P_ViewCourseDescription?term_in=201520&subj_code_in=HIST&crse_numb_in=500&crn_in=10561&seq_numb_in=D01')","ClassExam(letter='J.', link='https://weblprod1.wheatonma.edu/PROD/bzcrschd.P_DispExamInfo?exam_code=J.&course=HIST-500 D01&term_code=201520&term_desc=Spring 2015&crn=10561')",Individual Research,10561,['TBA'],['Location info TBA'],"[ClassInstructor(name='Cecil, Anni P.', link='https://wheatoncollege.edu/academics/faculty-directory/Anni-Cecil/')]",,,,[],https://www.bkstr.com/webapp/wcs/stores/servlet/booklookServlet?bookstore_id-1=525&term_id-1=Spring+2015&div-1=&dept-1=HIST&course-1=500&section-1=D01,"SeatInfo(max='Max Enroll: 1', taken='Max Enroll: 1', avail='Max Enroll: 1', wait_list='Max Enroll: 1')",Permission of Instructor. ,
315,HIST,"ClassNumber(num='HIST-500 D02', link='https://weblprod1.wheatonma.edu/PROD/bzcrschd.P_ViewCourseDescription?term_in=201520&subj_code_in=HIST&crse_numb_in=500&crn_in=10584&seq_numb_in=D02')","ClassExam(letter='J.', link='https://weblprod1.wheatonma.edu/PROD/bzcrschd.P_DispExamInfo?exam_code=J.&course=HIST-500 D02&term_code=201520&term_desc=Spring 2015&crn=10584')",Individual Research,10584,['TBA'],['Location info TBA'],"[ClassInstructor(name='Cecil, Anni P.', link='https://wheatoncollege.edu/academics/faculty-directory/Anni-Cecil/')]",,,,[],https://www.bkstr.com/webapp/wcs/stores/servlet/booklookServlet?bookstore_id-1=525&term_id-1=Spring+2015&div-1=&dept-1=HIST&course-1=500&section-1=D02,"SeatInfo(max='Max Enroll: 1', taken='Max Enroll: 1', avail='Max Enroll: 1', wait_list='Max Enroll: 1')",Permission of Instructor. ,
316,HIST,"ClassNumber(num='HIST-500 D03', link='https://weblprod1.wheatonma.edu/PROD/bzcrschd.P_ViewCourseDescription?term_in=201520&subj_code_in=HIST&crse_numb_in=500&crn_in=10625&seq_numb_in=D03')","ClassExam(letter='J.', link='https://weblprod1.wheatonma.edu/PROD/bzcrschd.P_DispExamInfo?exam_code=J.&course=HIST-500 D03&term_code=201520&term_desc=Spring 2015&crn=10625')",Individual Research,10625,['TBA'],['Location info TBA'],"[ClassInstructor(name='Bezis-Selfa, John', link='https://wheatoncollege.edu/academics/faculty-directory/John-Bezis-Selfa/')]",,,,[],https://www.bkstr.com/webapp/wcs/stores/servlet/booklookServlet?bookstore_id-1=525&term_id-1=Spring+2015&div-1=&dept-1=HIST&course-1=500&section-1=D03,"SeatInfo(max='Max Enroll: 2', taken='Max Enroll: 2', avail='Max Enroll: 2', wait_list='Max Enroll: 2')",Permission of Instructor. ,
317,INT,"ClassNumber(num='INT-111 B', link='https://weblprod1.wheatonma.edu/PROD/bzcrschd.P_ViewCourseDescription?term_in=201520&subj_code_in=INT&crse_numb_in=111&crn_in=10209&seq_numb_in=B')","ClassExam(letter='R.', link='https://weblprod1.wheatonma.edu/PROD/bzcrschd.P_DispExamInfo?exam_code=R.&course=INT-111 B&term_code=201520&term_desc=Spring 2015&crn=10209')",Ponds to Particles II,10209,['M W 12:30 PM - 1:50 PM'],['Mars Center-Science/Technology 2147'],"[ClassInstructor(name='Morgan, Kathleen N.', link='https://wheatoncollege.edu/academics/faculty-directory/Kathleen-Morgan/')]",,DVNS,ARNS,"[ClassConx(num='2315', link='https://weblprod1.wheatonma.edu/PROD/bzcrschd.P_ViewCourseDescription?term_in=201520&subj_code_in=CONX&crse_numb_in=23015&crn_in=&seq_numb_in=')]",https://www.bkstr.com/webapp/wcs/stores/servlet/booklookServlet?bookstore_id-1=525&term_id-1=Spring+2015&div-1=&dept-1=INT&course-1=111&section-1=B,"SeatInfo(max='Max Enroll: 25', taken='Max Enroll: 25', avail='Max Enroll: 25', wait_list='Max Enroll: 25')",Permission of Instructor. Lab section must be taken with course. Limited to 25. ,Monday Wednesday 12:30  - 1:50 
318,INT,"ClassNumber(num='INT-111 L', link='https://weblprod1.wheatonma.edu/PROD/bzcrschd.P_ViewCourseDescription?term_in=201520&subj_code_in=INT&crse_numb_in=111&crn_in=10210&seq_numb_in=L')","ClassExam(letter='', link='')",Ponds to Particles II Lab,10210,['M 2:00 PM - 4:50 PM'],['Mars Center-Science/Technology 2147'],"[ClassInstructor(name='Morgan, Kathleen N.', link='https://wheatoncollege.edu/academics/faculty-directory/Kathleen-Morgan/')]",,,,[],https://www.bkstr.com/webapp/wcs/stores/servlet/booklookServlet?bookstore_id-1=525&term_id-1=Spring+2015&div-1=&dept-1=INT&course-1=111&section-1=L,"SeatInfo(max='Max Enroll: 25', taken='Max Enroll: 25', avail='Max Enroll: 25', wait_list='Max Enroll: 25')",A lecture section must be selected with lab.  Permission of Instructor.  Limited to 25. ,Monday 2:00  - 4:50 
319,INT,"ClassNumber(num='INT-215 B', link='https://weblprod1.wheatonma.edu/PROD/bzcrschd.P_ViewCourseDescription?term_in=201520&subj_code_in=INT&crse_numb_in=215&crn_in=10527&seq_numb_in=B')","ClassExam(letter='J.', link='https://weblprod1.wheatonma.edu/PROD/bzcrschd.P_DispExamInfo?exam_code=J.&course=INT-215 B&term_code=201520&term_desc=Spring 2015&crn=10527')",Coastal Zone Management,10527,['R 5:30 PM - 8:30 PM'],['Location info TBA'],[],,DVSS,ARSS,[],https://www.bkstr.com/webapp/wcs/stores/servlet/booklookServlet?bookstore_id-1=525&term_id-1=Spring+2015&div-1=&dept-1=INT&course-1=215&section-1=B,"SeatInfo(max='Max Enroll: 999', taken='Max Enroll: 999', avail='Max Enroll: 999', wait_list='Max Enroll: 999')","Marine Studies Consortium: Wellesley College, Room SCI 256. Classes start on January 22, 2015. Thursdays from 5:30 to 8:30p.m. Taught by Professors Jack Wiggin, Rich Delaney and Jen Bender. Students are responsible for their own transportation. For more information go to: http://www1.assumption.edu/msc/schedule-location.html ",Thursday 5:30  - 8:30 
320,INT,"ClassNumber(num='INT-250 B', link='https://weblprod1.wheatonma.edu/PROD/bzcrschd.P_ViewCourseDescription?term_in=201520&subj_code_in=INT&crse_numb_in=250&crn_in=10467&seq_numb_in=B')","ClassExam(letter='J.', link='https://weblprod1.wheatonma.edu/PROD/bzcrschd.P_DispExamInfo?exam_code=J.&course=INT-250 B&term_code=201520&term_desc=Spring 2015&crn=10467')",Bhutanese Language & Culture,10467,['TBA'],['Location info TBA'],"[ClassInstructor(name='Wyss, Brenda', link='https://wheatoncollege.edu/academics/faculty-directory/Brenda-Wyss/')]",BW,,,[],https://www.bkstr.com/webapp/wcs/stores/servlet/booklookServlet?bookstore_id-1=525&term_id-1=Spring+2015&div-1=&dept-1=INT&course-1=250&section-1=B,"SeatInfo(max='Max Enroll: 20', taken='Max Enroll: 20', avail='Max Enroll: 20', wait_list='Max Enroll: 20')",Wheaton study abroad. Course taught in Bhutan. Limited to 20. ,
321,INT,"ClassNumber(num='INT-260 B', link='https://weblprod1.wheatonma.edu/PROD/bzcrschd.P_ViewCourseDescription?term_in=201520&subj_code_in=INT&crse_numb_in=260&crn_in=10468&seq_numb_in=B')","ClassExam(letter='J.', link='https://weblprod1.wheatonma.edu/PROD/bzcrschd.P_DispExamInfo?exam_code=J.&course=INT-260 B&term_code=201520&term_desc=Spring 2015&crn=10468')",Contemporary Bhutanese Society,10468,['TBA'],['Location info TBA'],"[ClassInstructor(name='Wyss, Brenda', link='https://wheatoncollege.edu/academics/faculty-directory/Brenda-Wyss/')]",BW,,,[],https://www.bkstr.com/webapp/wcs/stores/servlet/booklookServlet?bookstore_id-1=525&term_id-1=Spring+2015&div-1=&dept-1=INT&course-1=260&section-1=B,"SeatInfo(max='Max Enroll: 20', taken='Max Enroll: 20', avail='Max Enroll: 20', wait_list='Max Enroll: 20')",Wheaton study abroad. Course taught in Bhutan. Limited to 20. ,
322,INT,"ClassNumber(num='INT-360 B', link='https://weblprod1.wheatonma.edu/PROD/bzcrschd.P_ViewCourseDescription?term_in=201520&subj_code_in=INT&crse_numb_in=360&crn_in=10469&seq_numb_in=B')","ClassExam(letter='J.', link='https://weblprod1.wheatonma.edu/PROD/bzcrschd.P_DispExamInfo?exam_code=J.&course=INT-360 B&term_code=201520&term_desc=Spring 2015&crn=10469')",Practicum in Bhutan,10469,['TBA'],['Location info TBA'],"[ClassInstructor(name='Wyss, Brenda', link='https://wheatoncollege.edu/academics/faculty-directory/Brenda-Wyss/')]",,,,[],https://www.bkstr.com/webapp/wcs/stores/servlet/booklookServlet?bookstore_id-1=525&term_id-1=Spring+2015&div-1=&dept-1=INT&course-1=360&section-1=B,"SeatInfo(max='Max Enroll: 20', taken='Max Enroll: 20', avail='Max Enroll: 20', wait_list='Max Enroll: 20')",Wheaton study abroad. Course taught in Bhutan. Limited to 20. ,
323,INT,"ClassNumber(num='INT-500 D01', link='https://weblprod1.wheatonma.edu/PROD/bzcrschd.P_ViewCourseDescription?term_in=201520&subj_code_in=INT&crse_numb_in=500&crn_in=10606&seq_numb_in=D01')","ClassExam(letter='J.', link='https://weblprod1.wheatonma.edu/PROD/bzcrschd.P_DispExamInfo?exam_code=J.&course=INT-500 D01&term_code=201520&term_desc=Spring 2015&crn=10606')",Individual Research,10606,['TBA'],['Location info TBA'],"[ClassInstructor(name='Brumberg-Kraus, Jonathan D.', link='https://wheatoncollege.edu/academics/faculty-directory/Jonathan-Brumberg-Kraus/')]",,,,[],https://www.bkstr.com/webapp/wcs/stores/servlet/booklookServlet?bookstore_id-1=525&term_id-1=Spring+2015&div-1=&dept-1=INT&course-1=500&section-1=D01,"SeatInfo(max='Max Enroll: 1', taken='Max Enroll: 1', avail='Max Enroll: 1', wait_list='Max Enroll: 1')",Permission of Instructor. ,
324,IR,"ClassNumber(num='IR-402 B', link='https://weblprod1.wheatonma.edu/PROD/bzcrschd.P_ViewCourseDescription?term_in=201520&subj_code_in=IR&crse_numb_in=402&crn_in=10065&seq_numb_in=B')","ClassExam(letter='S.', link='https://weblprod1.wheatonma.edu/PROD/bzcrschd.P_DispExamInfo?exam_code=S.&course=IR-402 B&term_code=201520&term_desc=Spring 2015&crn=10065')",Senior Seminar,10065,['M 2:00 PM - 4:50 PM'],['Science Center B301'],"[ClassInstructor(name='Boroviak, Darlene L.', link='https://wheatoncollege.edu/academics/faculty-directory/Darlene-Boroviak/')]",,,,[],https://www.bkstr.com/webapp/wcs/stores/servlet/booklookServlet?bookstore_id-1=525&term_id-1=Spring+2015&div-1=&dept-1=IR&course-1=402&section-1=B,"SeatInfo(max='Max Enroll: 999', taken='Max Enroll: 999', avail='Max Enroll: 999', wait_list='Max Enroll: 999')",Limited to Senior IR Majors. ,Monday 2:00  - 4:50 
325,IR,"ClassNumber(num='IR-500 D01', link='https://weblprod1.wheatonma.edu/PROD/bzcrschd.P_ViewCourseDescription?term_in=201520&subj_code_in=IR&crse_numb_in=500&crn_in=10637&seq_numb_in=D01')","ClassExam(letter='J.', link='https://weblprod1.wheatonma.edu/PROD/bzcrschd.P_DispExamInfo?exam_code=J.&course=IR-500 D01&term_code=201520&term_desc=Spring 2015&crn=10637')",Individual Research,10637,['TBA'],['Location info TBA'],"[ClassInstructor(name='Wilson, Jeanne', link='https://wheatoncollege.edu/academics/faculty-directory/Jeanne-Wilson/')]",,,,[],https://www.bkstr.com/webapp/wcs/stores/servlet/booklookServlet?bookstore_id-1=525&term_id-1=Spring+2015&div-1=&dept-1=IR&course-1=500&section-1=D01,"SeatInfo(max='Max Enroll: 1', taken='Max Enroll: 1', avail='Max Enroll: 1', wait_list='Max Enroll: 1')",Permission of Instructor. ,
326,ITAS,"ClassNumber(num='ITAS-102 B01', link='https://weblprod1.wheatonma.edu/PROD/bzcrschd.P_ViewCourseDescription?term_in=201520&subj_code_in=ITAS&crse_numb_in=102&crn_in=10393&seq_numb_in=B01')","ClassExam(letter='B.', link='https://weblprod1.wheatonma.edu/PROD/bzcrschd.P_DispExamInfo?exam_code=B.&course=ITAS-102 B01&term_code=201520&term_desc=Spring 2015&crn=10393')",Basic Italian II,10393,"['M W F 9:30 AM - 10:20 AM', 'T 3:30 PM - 4:20 PM']","['Meneely Hall 307', 'Meneely Hall 207']","[ClassInstructor(name='Carrabino, Victor', link='https://wheatoncollege.edu/academics/faculty-directory/Victor-Carrabino/')]",FL,,,[],https://www.bkstr.com/webapp/wcs/stores/servlet/booklookServlet?bookstore_id-1=525&term_id-1=Spring+2015&div-1=&dept-1=ITAS&course-1=102&section-1=B01,"SeatInfo(max='Max Enroll: 20', taken='Max Enroll: 20', avail='Max Enroll: 20', wait_list='Max Enroll: 20')",Open only to students who have studied Basic Italian I (ITAS 101).  Limited to 20. ,Monday Wednesday Friday 9:30  - 10:20  Tuesday 3:30  - 4:20 
327,ITAS,"ClassNumber(num='ITAS-102 B02', link='https://weblprod1.wheatonma.edu/PROD/bzcrschd.P_ViewCourseDescription?term_in=201520&subj_code_in=ITAS&crse_numb_in=102&crn_in=10394&seq_numb_in=B02')","ClassExam(letter='D.', link='https://weblprod1.wheatonma.edu/PROD/bzcrschd.P_DispExamInfo?exam_code=D.&course=ITAS-102 B02&term_code=201520&term_desc=Spring 2015&crn=10394')",Basic Italian II,10394,"['M W F 11:30 AM - 12:20 PM', 'R 3:30 PM - 4:20 PM']","['Meneely Hall 307', 'Meneely Hall 306']","[ClassInstructor(name='Bianchi, Alberto', link='https://wheatoncollege.edu/academics/faculty-directory/Alberto-Bianchi/')]",FL,,,[],https://www.bkstr.com/webapp/wcs/stores/servlet/booklookServlet?bookstore_id-1=525&term_id-1=Spring+2015&div-1=&dept-1=ITAS&course-1=102&section-1=B02,"SeatInfo(max='Max Enroll: 20', taken='Max Enroll: 20', avail='Max Enroll: 20', wait_list='Max Enroll: 20')",Open only to students who have studied Basic Italian I (ITAS 101).  Limited to 20. ,Monday Wednesday Friday 11:30  - 12:20  Thursday 3:30  - 4:20 
328,ITAS,"ClassNumber(num='ITAS-102 B03', link='https://weblprod1.wheatonma.edu/PROD/bzcrschd.P_ViewCourseDescription?term_in=201520&subj_code_in=ITAS&crse_numb_in=102&crn_in=10395&seq_numb_in=B03')","ClassExam(letter='C.', link='https://weblprod1.wheatonma.edu/PROD/bzcrschd.P_DispExamInfo?exam_code=C.&course=ITAS-102 B03&term_code=201520&term_desc=Spring 2015&crn=10395')",Basic Italian II,10395,"['M W F 10:30 AM - 11:20 AM', 'T 1:00 PM - 1:50 PM']","['Meneely Hall 307', 'Meneely Hall 205']","[ClassInstructor(name='Carrabino, Victor', link='https://wheatoncollege.edu/academics/faculty-directory/Victor-Carrabino/')]",FL,,,[],https://www.bkstr.com/webapp/wcs/stores/servlet/booklookServlet?bookstore_id-1=525&term_id-1=Spring+2015&div-1=&dept-1=ITAS&course-1=102&section-1=B03,"SeatInfo(max='Max Enroll: 20', taken='Max Enroll: 20', avail='Max Enroll: 20', wait_list='Max Enroll: 20')",Open only to students who have studied Basic Italian I (ITAS 101).  Limited to 20. ,Monday Wednesday Friday 10:30  - 11:20  Tuesday 1:00  - 1:50 
329,ITAS,"ClassNumber(num='ITAS-200 B', link='https://weblprod1.wheatonma.edu/PROD/bzcrschd.P_ViewCourseDescription?term_in=201520&subj_code_in=ITAS&crse_numb_in=200&crn_in=10396&seq_numb_in=B')","ClassExam(letter='C.', link='https://weblprod1.wheatonma.edu/PROD/bzcrschd.P_DispExamInfo?exam_code=C.&course=ITAS-200 B&term_code=201520&term_desc=Spring 2015&crn=10396')",Advanced Intermediate Italian,10396,"['M W F 10:30 AM - 11:20 AM', 'R 1:00 PM - 1:50 PM']",['Meneely Hall 306'],"[ClassInstructor(name='Bianchi, Alberto', link='https://wheatoncollege.edu/academics/faculty-directory/Alberto-Bianchi/')]",AHFL,DVAH,ARHM,[],https://www.bkstr.com/webapp/wcs/stores/servlet/booklookServlet?bookstore_id-1=525&term_id-1=Spring+2015&div-1=&dept-1=ITAS&course-1=200&section-1=B,"SeatInfo(max='Max Enroll: 20', taken='Max Enroll: 20', avail='Max Enroll: 20', wait_list='Max Enroll: 20')","Prerequisites: ITAS 150, placement exam, or Permission of Department.  Limited to 20. ",Monday Wednesday Friday 10:30  - 11:20  Thursday 1:00  - 1:50 
330,ITAS,"ClassNumber(num='ITAS-298 B01', link='https://weblprod1.wheatonma.edu/PROD/bzcrschd.P_ViewCourseDescription?term_in=201520&subj_code_in=ITAS&crse_numb_in=298&crn_in=10504&seq_numb_in=B01')","ClassExam(letter='S.', link='https://weblprod1.wheatonma.edu/PROD/bzcrschd.P_DispExamInfo?exam_code=S.&course=ITAS-298 B01&term_code=201520&term_desc=Spring 2015&crn=10504')",Business Italian,10504,['M W 12:30 PM - 1:50 PM'],['Meneely Hall 307'],"[ClassInstructor(name='Carrabino, Victor', link='https://wheatoncollege.edu/academics/faculty-directory/Victor-Carrabino/')]",,,,[],https://www.bkstr.com/webapp/wcs/stores/servlet/booklookServlet?bookstore_id-1=525&term_id-1=Spring+2015&div-1=&dept-1=ITAS&course-1=298&section-1=B01,"SeatInfo(max='Max Enroll: 20', taken='Max Enroll: 20', avail='Max Enroll: 20', wait_list='Max Enroll: 20')","Prerequisites: ITAS 200, placement test, or Permission of Instructor. Limited to 20. ",Monday Wednesday 12:30  - 1:50 
331,ITAS,"ClassNumber(num='ITAS-299 B01', link='https://weblprod1.wheatonma.edu/PROD/bzcrschd.P_ViewCourseDescription?term_in=201520&subj_code_in=ITAS&crse_numb_in=299&crn_in=10670&seq_numb_in=B01')","ClassExam(letter='J.', link='https://weblprod1.wheatonma.edu/PROD/bzcrschd.P_DispExamInfo?exam_code=J.&course=ITAS-299 B01&term_code=201520&term_desc=Spring 2015&crn=10670')",Selected Topics,10670,['TBA'],['Location info TBA'],"[ClassInstructor(name='Bianchi, Alberto', link='https://wheatoncollege.edu/academics/faculty-directory/Alberto-Bianchi/')]",,,,[],https://www.bkstr.com/webapp/wcs/stores/servlet/booklookServlet?bookstore_id-1=525&term_id-1=Spring+2015&div-1=&dept-1=ITAS&course-1=299&section-1=B01,"SeatInfo(max='Max Enroll: 1', taken='Max Enroll: 1', avail='Max Enroll: 1', wait_list='Max Enroll: 1')",,
332,ITAS,"ClassNumber(num='ITAS-310 B', link='https://weblprod1.wheatonma.edu/PROD/bzcrschd.P_ViewCourseDescription?term_in=201520&subj_code_in=ITAS&crse_numb_in=310&crn_in=10398&seq_numb_in=B')","ClassExam(letter='S.', link='https://weblprod1.wheatonma.edu/PROD/bzcrschd.P_DispExamInfo?exam_code=S.&course=ITAS-310 B&term_code=201520&term_desc=Spring 2015&crn=10398')","Fashion, Sex and the City",10398,['M W 2:00 PM - 3:20 PM'],['Meneely Hall 306'],"[ClassInstructor(name='Bianchi, Alberto', link='https://wheatoncollege.edu/academics/faculty-directory/Alberto-Bianchi/')]",,DVAH,ARHM,[],https://www.bkstr.com/webapp/wcs/stores/servlet/booklookServlet?bookstore_id-1=525&term_id-1=Spring+2015&div-1=&dept-1=ITAS&course-1=310&section-1=B,"SeatInfo(max='Max Enroll: 999', taken='Max Enroll: 999', avail='Max Enroll: 999', wait_list='Max Enroll: 999')",Cross-listed with WGS 301. Taught in English. ,Monday Wednesday 2:00  - 3:20 
333,JAPN,"ClassNumber(num='JAPN-102 B', link='https://weblprod1.wheatonma.edu/PROD/bzcrschd.P_ViewCourseDescription?term_in=201520&subj_code_in=JAPN&crse_numb_in=102&crn_in=10388&seq_numb_in=B')","ClassExam(letter='R.', link='https://weblprod1.wheatonma.edu/PROD/bzcrschd.P_DispExamInfo?exam_code=R.&course=JAPN-102 B&term_code=201520&term_desc=Spring 2015&crn=10388')",Elementary Japanese II,10388,"['T R 11:00 AM - 12:20 PM', 'W 11:30 AM - 12:20 PM']",['Science Center B325'],"[ClassInstructor(name='Tierney, Robin L.', link='https://wheatoncollege.edu/academics/faculty-directory/Robin-Tierney/')]",FL,,,[],https://www.bkstr.com/webapp/wcs/stores/servlet/booklookServlet?bookstore_id-1=525&term_id-1=Spring+2015&div-1=&dept-1=JAPN&course-1=102&section-1=B,"SeatInfo(max='Max Enroll: 20', taken='Max Enroll: 20', avail='Max Enroll: 20', wait_list='Max Enroll: 20')",Plus hour lab.  Limited to 20. ,Tuesday Thursday 11:00  - 12:20  Wednesday 11:30  - 12:20 
334,JAPN,"ClassNumber(num='JAPN-202 B', link='https://weblprod1.wheatonma.edu/PROD/bzcrschd.P_ViewCourseDescription?term_in=201520&subj_code_in=JAPN&crse_numb_in=202&crn_in=10389&seq_numb_in=B')","ClassExam(letter='R.', link='https://weblprod1.wheatonma.edu/PROD/bzcrschd.P_DispExamInfo?exam_code=R.&course=JAPN-202 B&term_code=201520&term_desc=Spring 2015&crn=10389')",Intermediate Japanese II,10389,"['T R 12:30 PM - 1:50 PM', 'W 12:30 PM - 1:20 PM']",['Science Center B325'],"[ClassInstructor(name='Tierney, Robin L.', link='https://wheatoncollege.edu/academics/faculty-directory/Robin-Tierney/')]",FL,,,[],https://www.bkstr.com/webapp/wcs/stores/servlet/booklookServlet?bookstore_id-1=525&term_id-1=Spring+2015&div-1=&dept-1=JAPN&course-1=202&section-1=B,"SeatInfo(max='Max Enroll: 20', taken='Max Enroll: 20', avail='Max Enroll: 20', wait_list='Max Enroll: 20')",Plus hour lab. Limited to 20. ,Tuesday Thursday 12:30  - 1:50  Wednesday 12:30  - 1:20 
335,JAPN,"ClassNumber(num='JAPN-299 B01', link='https://weblprod1.wheatonma.edu/PROD/bzcrschd.P_ViewCourseDescription?term_in=201520&subj_code_in=JAPN&crse_numb_in=299&crn_in=10677&seq_numb_in=B01')","ClassExam(letter='J.', link='https://weblprod1.wheatonma.edu/PROD/bzcrschd.P_DispExamInfo?exam_code=J.&course=JAPN-299 B01&term_code=201520&term_desc=Spring 2015&crn=10677')",Independent Study,10677,['TBA'],['Location info TBA'],"[ClassInstructor(name='Tierney, Robin L.', link='https://wheatoncollege.edu/academics/faculty-directory/Robin-Tierney/')]",,,,[],https://www.bkstr.com/webapp/wcs/stores/servlet/booklookServlet?bookstore_id-1=525&term_id-1=Spring+2015&div-1=&dept-1=JAPN&course-1=299&section-1=B01,"SeatInfo(max='Max Enroll: 1', taken='Max Enroll: 1', avail='Max Enroll: 1', wait_list='Max Enroll: 1')",Permission of Instructor. ,
336,LAT,"ClassNumber(num='LAT-101 B', link='https://weblprod1.wheatonma.edu/PROD/bzcrschd.P_ViewCourseDescription?term_in=201520&subj_code_in=LAT&crse_numb_in=101&crn_in=10031&seq_numb_in=B')","ClassExam(letter='U.', link='https://weblprod1.wheatonma.edu/PROD/bzcrschd.P_DispExamInfo?exam_code=U.&course=LAT-101 B&term_code=201520&term_desc=Spring 2015&crn=10031')",Elementary Latin,10031,['M W F 9:30 AM - 10:20 AM'],['Meneely Hall 302'],"[ClassInstructor(name='McDonald, Joseph M.', link='https://wheatoncollege.edu/academics/faculty-directory/Joseph-McDonald/')]",FL,,,[],https://www.bkstr.com/webapp/wcs/stores/servlet/booklookServlet?bookstore_id-1=525&term_id-1=Spring+2015&div-1=&dept-1=LAT&course-1=101&section-1=B,"SeatInfo(max='Max Enroll: 27', taken='Max Enroll: 27', avail='Max Enroll: 27', wait_list='Max Enroll: 27')",One hour lab TBA. 18 seats reserved for First Year Students. Limited to 27. ,Monday Wednesday Friday 9:30  - 10:20 
337,LAT,"ClassNumber(num='LAT-222 B', link='https://weblprod1.wheatonma.edu/PROD/bzcrschd.P_ViewCourseDescription?term_in=201520&subj_code_in=LAT&crse_numb_in=222&crn_in=10032&seq_numb_in=B')","ClassExam(letter='D.', link='https://weblprod1.wheatonma.edu/PROD/bzcrschd.P_DispExamInfo?exam_code=D.&course=LAT-222 B&term_code=201520&term_desc=Spring 2015&crn=10032')",Roman Comedy,10032,['M W F 11:30 AM - 12:20 PM'],['Meneely Hall 302'],"[ClassInstructor(name='Haase, Timothy M.', link='https://wheatoncollege.edu/academics/faculty-directory/Timothy-Haase/')]",FL,DVAH,,[],https://www.bkstr.com/webapp/wcs/stores/servlet/booklookServlet?bookstore_id-1=525&term_id-1=Spring+2015&div-1=&dept-1=LAT&course-1=222&section-1=B,"SeatInfo(max='Max Enroll: 999', taken='Max Enroll: 999', avail='Max Enroll: 999', wait_list='Max Enroll: 999')",,Monday Wednesday Friday 11:30  - 12:20 
338,LAT,"ClassNumber(num='LAT-322 B', link='https://weblprod1.wheatonma.edu/PROD/bzcrschd.P_ViewCourseDescription?term_in=201520&subj_code_in=LAT&crse_numb_in=322&crn_in=10033&seq_numb_in=B')","ClassExam(letter='D.', link='https://weblprod1.wheatonma.edu/PROD/bzcrschd.P_DispExamInfo?exam_code=D.&course=LAT-322 B&term_code=201520&term_desc=Spring 2015&crn=10033')",Roman Comedy,10033,['M W F 11:30 AM - 12:20 PM'],['Meneely Hall 302'],"[ClassInstructor(name='Haase, Timothy M.', link='https://wheatoncollege.edu/academics/faculty-directory/Timothy-Haase/')]",,,,[],https://www.bkstr.com/webapp/wcs/stores/servlet/booklookServlet?bookstore_id-1=525&term_id-1=Spring+2015&div-1=&dept-1=LAT&course-1=322&section-1=B,"SeatInfo(max='Max Enroll: 999', taken='Max Enroll: 999', avail='Max Enroll: 999', wait_list='Max Enroll: 999')",,Monday Wednesday Friday 11:30  - 12:20 
339,MATH,"ClassNumber(num='MATH-101 B01', link='https://weblprod1.wheatonma.edu/PROD/bzcrschd.P_ViewCourseDescription?term_in=201520&subj_code_in=MATH&crse_numb_in=101&crn_in=10193&seq_numb_in=B01')","ClassExam(letter='D.', link='https://weblprod1.wheatonma.edu/PROD/bzcrschd.P_DispExamInfo?exam_code=D.&course=MATH-101 B01&term_code=201520&term_desc=Spring 2015&crn=10193')",Calculus I,10193,"['M W F 11:30 AM - 12:20 PM', 'T 1:00 PM - 1:50 PM']","['Mars Center-Science/Technology 1141', 'Science Center B234']","[ClassInstructor(name='DeCoste, Rachelle C.', link='https://wheatoncollege.edu/academics/faculty-directory/rachelle-c-decoste/')]",QA,,ARMC,"[ClassConx(num='2004', link='https://weblprod1.wheatonma.edu/PROD/bzcrschd.P_ViewCourseDescription?term_in=201520&subj_code_in=CONX&crse_numb_in=20004&crn_in=&seq_numb_in=')]",https://www.bkstr.com/webapp/wcs/stores/servlet/booklookServlet?bookstore_id-1=525&term_id-1=Spring+2015&div-1=&dept-1=MATH&course-1=101&section-1=B01,"SeatInfo(max='Max Enroll: 30', taken='Max Enroll: 30', avail='Max Enroll: 30', wait_list='Max Enroll: 30')",Permission of Instructor. ,Monday Wednesday Friday 11:30  - 12:20  Tuesday 1:00  - 1:50 
340,MATH,"ClassNumber(num='MATH-101 B02', link='https://weblprod1.wheatonma.edu/PROD/bzcrschd.P_ViewCourseDescription?term_in=201520&subj_code_in=MATH&crse_numb_in=101&crn_in=10194&seq_numb_in=B02')","ClassExam(letter='C.', link='https://weblprod1.wheatonma.edu/PROD/bzcrschd.P_DispExamInfo?exam_code=C.&course=MATH-101 B02&term_code=201520&term_desc=Spring 2015&crn=10194')",Calculus I,10194,"['R 8:30 AM - 9:20 AM', 'M W F 10:30 AM - 11:20 AM']",['Science Center B234'],"[ClassInstructor(name='Sklensky-Ratliff, Janice C.', link='https://wheatoncollege.edu/academics/faculty-directory/janice-sklensky/')]",QA,,ARMC,"[ClassConx(num='2004', link='https://weblprod1.wheatonma.edu/PROD/bzcrschd.P_ViewCourseDescription?term_in=201520&subj_code_in=CONX&crse_numb_in=20004&crn_in=&seq_numb_in=')]",https://www.bkstr.com/webapp/wcs/stores/servlet/booklookServlet?bookstore_id-1=525&term_id-1=Spring+2015&div-1=&dept-1=MATH&course-1=101&section-1=B02,"SeatInfo(max='Max Enroll: 30', taken='Max Enroll: 30', avail='Max Enroll: 30', wait_list='Max Enroll: 30')",Permission of Instructor. ,Thursday 8:30  - 9:20  Monday Wednesday Friday 10:30  - 11:20 
341,MATH,"ClassNumber(num='MATH-104 B', link='https://weblprod1.wheatonma.edu/PROD/bzcrschd.P_ViewCourseDescription?term_in=201520&subj_code_in=MATH&crse_numb_in=104&crn_in=10195&seq_numb_in=B')","ClassExam(letter='C.', link='https://weblprod1.wheatonma.edu/PROD/bzcrschd.P_DispExamInfo?exam_code=C.&course=MATH-104 B&term_code=201520&term_desc=Spring 2015&crn=10195')",Calculus II,10195,"['M W F 10:30 AM - 11:20 AM', 'T 1:00 PM - 1:50 PM']","['Science Center 1314', 'Mars Center-Science/Technology 1141']","[ClassInstructor(name='Bloch, William L.', link='https://wheatoncollege.edu/academics/faculty-directory/William-Bloch/')]",QA,,ARMC,[],https://www.bkstr.com/webapp/wcs/stores/servlet/booklookServlet?bookstore_id-1=525&term_id-1=Spring+2015&div-1=&dept-1=MATH&course-1=104&section-1=B,"SeatInfo(max='Max Enroll: 30', taken='Max Enroll: 30', avail='Max Enroll: 30', wait_list='Max Enroll: 30')",Permission of Instructor. ,Monday Wednesday Friday 10:30  - 11:20  Tuesday 1:00  - 1:50 
342,MATH,"ClassNumber(num='MATH-122 B', link='https://weblprod1.wheatonma.edu/PROD/bzcrschd.P_ViewCourseDescription?term_in=201520&subj_code_in=MATH&crse_numb_in=122&crn_in=10196&seq_numb_in=B')","ClassExam(letter='D.', link='https://weblprod1.wheatonma.edu/PROD/bzcrschd.P_DispExamInfo?exam_code=D.&course=MATH-122 B&term_code=201520&term_desc=Spring 2015&crn=10196')",Math in Art,10196,['M W F 11:30 AM - 12:20 PM'],['Science Center B234'],"[ClassInstructor(name='Sklensky-Ratliff, Janice C.', link='https://wheatoncollege.edu/academics/faculty-directory/janice-sklensky/')]",QA,,ARMC,"[ClassConx(num='2025', link='https://weblprod1.wheatonma.edu/PROD/bzcrschd.P_ViewCourseDescription?term_in=201520&subj_code_in=CONX&crse_numb_in=20025&crn_in=&seq_numb_in=')]",https://www.bkstr.com/webapp/wcs/stores/servlet/booklookServlet?bookstore_id-1=525&term_id-1=Spring+2015&div-1=&dept-1=MATH&course-1=122&section-1=B,"SeatInfo(max='Max Enroll: 30', taken='Max Enroll: 30', avail='Max Enroll: 30', wait_list='Max Enroll: 30')",Permission of Instructor. ,Monday Wednesday Friday 11:30  - 12:20 
343,MATH,"ClassNumber(num='MATH-141 B01', link='https://weblprod1.wheatonma.edu/PROD/bzcrschd.P_ViewCourseDescription?term_in=201520&subj_code_in=MATH&crse_numb_in=141&crn_in=10197&seq_numb_in=B01')","ClassExam(letter='K.', link='https://weblprod1.wheatonma.edu/PROD/bzcrschd.P_DispExamInfo?exam_code=K.&course=MATH-141 B01&term_code=201520&term_desc=Spring 2015&crn=10197')",Introductory Statistics,10197,['M W 2:00 PM - 3:20 PM'],['Mars Center-Science/Technology 1141'],"[ClassInstructor(name='DeCoste, Rachelle C.', link='https://wheatoncollege.edu/academics/faculty-directory/rachelle-c-decoste/')]",QA,,ARMC,"[ClassConx(num='2044', link='https://weblprod1.wheatonma.edu/PROD/bzcrschd.P_ViewCourseDescription?term_in=201520&subj_code_in=CONX&crse_numb_in=20044&crn_in=&seq_numb_in='), ClassConx(num='2063', link='https://weblprod1.wheatonma.edu/PROD/bzcrschd.P_ViewCourseDescription?term_in=201520&subj_code_in=CONX&crse_numb_in=20063&crn_in=&seq_numb_in=')]",https://www.bkstr.com/webapp/wcs/stores/servlet/booklookServlet?bookstore_id-1=525&term_id-1=Spring+2015&div-1=&dept-1=MATH&course-1=141&section-1=B01,"SeatInfo(max='Max Enroll: 30', taken='Max Enroll: 30', avail='Max Enroll: 30', wait_list='Max Enroll: 30')",Permission of Instructor. ,Monday Wednesday 2:00  - 3:20 
344,MATH,"ClassNumber(num='MATH-141 B02', link='https://weblprod1.wheatonma.edu/PROD/bzcrschd.P_ViewCourseDescription?term_in=201520&subj_code_in=MATH&crse_numb_in=141&crn_in=10198&seq_numb_in=B02')","ClassExam(letter='A.', link='https://weblprod1.wheatonma.edu/PROD/bzcrschd.P_DispExamInfo?exam_code=A.&course=MATH-141 B02&term_code=201520&term_desc=Spring 2015&crn=10198')",Introductory Statistics,10198,['M W 8:00 AM - 9:20 AM'],['Mars Center-Science/Technology 1141'],"[ClassInstructor(name='Herr, Daniel', link='https://wheatoncollege.edu/academics/faculty-directory/Daniel-Herr/')]",QA,,ARMC,"[ClassConx(num='2044', link='https://weblprod1.wheatonma.edu/PROD/bzcrschd.P_ViewCourseDescription?term_in=201520&subj_code_in=CONX&crse_numb_in=20044&crn_in=&seq_numb_in='), ClassConx(num='2063', link='https://weblprod1.wheatonma.edu/PROD/bzcrschd.P_ViewCourseDescription?term_in=201520&subj_code_in=CONX&crse_numb_in=20063&crn_in=&seq_numb_in=')]",https://www.bkstr.com/webapp/wcs/stores/servlet/booklookServlet?bookstore_id-1=525&term_id-1=Spring+2015&div-1=&dept-1=MATH&course-1=141&section-1=B02,"SeatInfo(max='Max Enroll: 30', taken='Max Enroll: 30', avail='Max Enroll: 30', wait_list='Max Enroll: 30')",Permission of Instructor. ,Monday Wednesday 8:00  - 9:20 
345,MATH,"ClassNumber(num='MATH-141 B03', link='https://weblprod1.wheatonma.edu/PROD/bzcrschd.P_ViewCourseDescription?term_in=201520&subj_code_in=MATH&crse_numb_in=141&crn_in=10199&seq_numb_in=B03')","ClassExam(letter='H.', link='https://weblprod1.wheatonma.edu/PROD/bzcrschd.P_DispExamInfo?exam_code=H.&course=MATH-141 B03&term_code=201520&term_desc=Spring 2015&crn=10199')",Introductory Statistics,10199,['M W 12:30 PM - 1:50 PM'],['Science Center 1314'],"[ClassInstructor(name='Herr, Daniel', link='https://wheatoncollege.edu/academics/faculty-directory/Daniel-Herr/')]",QA,,ARMC,"[ClassConx(num='2044', link='https://weblprod1.wheatonma.edu/PROD/bzcrschd.P_ViewCourseDescription?term_in=201520&subj_code_in=CONX&crse_numb_in=20044&crn_in=&seq_numb_in='), ClassConx(num='2063', link='https://weblprod1.wheatonma.edu/PROD/bzcrschd.P_ViewCourseDescription?term_in=201520&subj_code_in=CONX&crse_numb_in=20063&crn_in=&seq_numb_in=')]",https://www.bkstr.com/webapp/wcs/stores/servlet/booklookServlet?bookstore_id-1=525&term_id-1=Spring+2015&div-1=&dept-1=MATH&course-1=141&section-1=B03,"SeatInfo(max='Max Enroll: 30', taken='Max Enroll: 30', avail='Max Enroll: 30', wait_list='Max Enroll: 30')",Permission of Instructor. ,Monday Wednesday 12:30  - 1:50 
346,MATH,"ClassNumber(num='MATH-211 B', link='https://weblprod1.wheatonma.edu/PROD/bzcrschd.P_ViewCourseDescription?term_in=201520&subj_code_in=MATH&crse_numb_in=211&crn_in=10200&seq_numb_in=B')","ClassExam(letter='B.', link='https://weblprod1.wheatonma.edu/PROD/bzcrschd.P_DispExamInfo?exam_code=B.&course=MATH-211 B&term_code=201520&term_desc=Spring 2015&crn=10200')",Discrete Mathematics,10200,['M W F 9:30 AM - 10:20 AM'],['Science Center 1314'],"[ClassInstructor(name='DeCoste, Rachelle C.', link='https://wheatoncollege.edu/academics/faculty-directory/rachelle-c-decoste/')]",,,ARMC,"[ClassConx(num='2018', link='https://weblprod1.wheatonma.edu/PROD/bzcrschd.P_ViewCourseDescription?term_in=201520&subj_code_in=CONX&crse_numb_in=20018&crn_in=&seq_numb_in=')]",https://www.bkstr.com/webapp/wcs/stores/servlet/booklookServlet?bookstore_id-1=525&term_id-1=Spring+2015&div-1=&dept-1=MATH&course-1=211&section-1=B,"SeatInfo(max='Max Enroll: 20', taken='Max Enroll: 20', avail='Max Enroll: 20', wait_list='Max Enroll: 20')",Permission of Instructor. ,Monday Wednesday Friday 9:30  - 10:20 
347,MATH,"ClassNumber(num='MATH-221 B', link='https://weblprod1.wheatonma.edu/PROD/bzcrschd.P_ViewCourseDescription?term_in=201520&subj_code_in=MATH&crse_numb_in=221&crn_in=10201&seq_numb_in=B')","ClassExam(letter='D.', link='https://weblprod1.wheatonma.edu/PROD/bzcrschd.P_DispExamInfo?exam_code=D.&course=MATH-221 B&term_code=201520&term_desc=Spring 2015&crn=10201')",Linear Algebra,10201,['M W F 11:30 AM - 12:20 PM'],['Science Center 1314'],"[ClassInstructor(name='Leibowitz, Rochelle', link='https://wheatoncollege.edu/academics/faculty-directory/rochelle-shelly-leibowitz/')]",QA,,ARMC,"[ClassConx(num='2045', link='https://weblprod1.wheatonma.edu/PROD/bzcrschd.P_ViewCourseDescription?term_in=201520&subj_code_in=CONX&crse_numb_in=20045&crn_in=&seq_numb_in=')]",https://www.bkstr.com/webapp/wcs/stores/servlet/booklookServlet?bookstore_id-1=525&term_id-1=Spring+2015&div-1=&dept-1=MATH&course-1=221&section-1=B,"SeatInfo(max='Max Enroll: 30', taken='Max Enroll: 30', avail='Max Enroll: 30', wait_list='Max Enroll: 30')",Permission of Instructor. ,Monday Wednesday Friday 11:30  - 12:20 
348,MATH,"ClassNumber(num='MATH-236 B', link='https://weblprod1.wheatonma.edu/PROD/bzcrschd.P_ViewCourseDescription?term_in=201520&subj_code_in=MATH&crse_numb_in=236&crn_in=10202&seq_numb_in=B')","ClassExam(letter='C.', link='https://weblprod1.wheatonma.edu/PROD/bzcrschd.P_DispExamInfo?exam_code=C.&course=MATH-236 B&term_code=201520&term_desc=Spring 2015&crn=10202')",Multivariable Calculus,10202,['M W F 10:30 AM - 11:20 AM'],['Science Center 1314'],"[ClassInstructor(name='Herr, Daniel', link='https://wheatoncollege.edu/academics/faculty-directory/Daniel-Herr/')]",QA,,ARMC,"[ClassConx(num='2045', link='https://weblprod1.wheatonma.edu/PROD/bzcrschd.P_ViewCourseDescription?term_in=201520&subj_code_in=CONX&crse_numb_in=20045&crn_in=&seq_numb_in=')]",https://www.bkstr.com/webapp/wcs/stores/servlet/booklookServlet?bookstore_id-1=525&term_id-1=Spring+2015&div-1=&dept-1=MATH&course-1=236&section-1=B,"SeatInfo(max='Max Enroll: 30', taken='Max Enroll: 30', avail='Max Enroll: 30', wait_list='Max Enroll: 30')",Permission of Instructor. ,Monday Wednesday Friday 10:30  - 11:20 
349,MATH,"ClassNumber(num='MATH-327 B', link='https://weblprod1.wheatonma.edu/PROD/bzcrschd.P_ViewCourseDescription?term_in=201520&subj_code_in=MATH&crse_numb_in=327&crn_in=10203&seq_numb_in=B')","ClassExam(letter='A.', link='https://weblprod1.wheatonma.edu/PROD/bzcrschd.P_DispExamInfo?exam_code=A.&course=MATH-327 B&term_code=201520&term_desc=Spring 2015&crn=10203')",Graph Theory,10203,['M W F 8:30 AM - 9:20 AM'],['Science Center 1314'],"[ClassInstructor(name='Leibowitz, Rochelle', link='https://wheatoncollege.edu/academics/faculty-directory/rochelle-shelly-leibowitz/')]",,,ARMC,[],https://www.bkstr.com/webapp/wcs/stores/servlet/booklookServlet?bookstore_id-1=525&term_id-1=Spring+2015&div-1=&dept-1=MATH&course-1=327&section-1=B,"SeatInfo(max='Max Enroll: 30', taken='Max Enroll: 30', avail='Max Enroll: 30', wait_list='Max Enroll: 30')",Permission of Instructor. ,Monday Wednesday Friday 8:30  - 9:20 
350,MATH,"ClassNumber(num='MATH-398 B01', link='https://weblprod1.wheatonma.edu/PROD/bzcrschd.P_ViewCourseDescription?term_in=201520&subj_code_in=MATH&crse_numb_in=398&crn_in=10204&seq_numb_in=B01')","ClassExam(letter='K.', link='https://weblprod1.wheatonma.edu/PROD/bzcrschd.P_DispExamInfo?exam_code=K.&course=MATH-398 B01&term_code=201520&term_desc=Spring 2015&crn=10204')",Advanced Cryptography,10204,['M W 2:00 PM - 3:20 PM'],['Science Center 1314'],"[ClassInstructor(name='Ratliff, Thomas C.', link='https://wheatoncollege.edu/academics/faculty-directory/tommy-ratliff/')]",,,,[],https://www.bkstr.com/webapp/wcs/stores/servlet/booklookServlet?bookstore_id-1=525&term_id-1=Spring+2015&div-1=&dept-1=MATH&course-1=398&section-1=B01,"SeatInfo(max='Max Enroll: 30', taken='Max Enroll: 30', avail='Max Enroll: 30', wait_list='Max Enroll: 30')",Permission of Instructor. ,Monday Wednesday 2:00  - 3:20 
351,MATH,"ClassNumber(num='MATH-401 B', link='https://weblprod1.wheatonma.edu/PROD/bzcrschd.P_ViewCourseDescription?term_in=201520&subj_code_in=MATH&crse_numb_in=401&crn_in=10205&seq_numb_in=B')","ClassExam(letter='B.', link='https://weblprod1.wheatonma.edu/PROD/bzcrschd.P_DispExamInfo?exam_code=B.&course=MATH-401 B&term_code=201520&term_desc=Spring 2015&crn=10205')",Seminar,10205,['M W F 9:30 AM - 10:20 AM'],['Science Center B234'],"[ClassInstructor(name='Bloch, William L.', link='https://wheatoncollege.edu/academics/faculty-directory/William-Bloch/')]",,,ARMC,[],https://www.bkstr.com/webapp/wcs/stores/servlet/booklookServlet?bookstore_id-1=525&term_id-1=Spring+2015&div-1=&dept-1=MATH&course-1=401&section-1=B,"SeatInfo(max='Max Enroll: 999', taken='Max Enroll: 999', avail='Max Enroll: 999', wait_list='Max Enroll: 999')",Permission of Instructor. ,Monday Wednesday Friday 9:30  - 10:20 
352,MATH,"ClassNumber(num='MATH-500 D01', link='https://weblprod1.wheatonma.edu/PROD/bzcrschd.P_ViewCourseDescription?term_in=201520&subj_code_in=MATH&crse_numb_in=500&crn_in=10627&seq_numb_in=D01')","ClassExam(letter='J.', link='https://weblprod1.wheatonma.edu/PROD/bzcrschd.P_DispExamInfo?exam_code=J.&course=MATH-500 D01&term_code=201520&term_desc=Spring 2015&crn=10627')",Individual Research,10627,['TBA'],['Location info TBA'],"[ClassInstructor(name='Bloch, William L.', link='https://wheatoncollege.edu/academics/faculty-directory/William-Bloch/')]",,,ARMC,[],https://www.bkstr.com/webapp/wcs/stores/servlet/booklookServlet?bookstore_id-1=525&term_id-1=Spring+2015&div-1=&dept-1=MATH&course-1=500&section-1=D01,"SeatInfo(max='Max Enroll: 1', taken='Max Enroll: 1', avail='Max Enroll: 1', wait_list='Max Enroll: 1')",Permission of Instructor. ,
353,MUSC,"ClassNumber(num='MUSC-098 B01', link='https://weblprod1.wheatonma.edu/PROD/bzcrschd.P_ViewCourseDescription?term_in=201520&subj_code_in=MUSC&crse_numb_in=098&crn_in=10061&seq_numb_in=B01')","ClassExam(letter='J.', link='https://weblprod1.wheatonma.edu/PROD/bzcrschd.P_DispExamInfo?exam_code=J.&course=MUSC-098 B01&term_code=201520&term_desc=Spring 2015&crn=10061')",Ear Training,10061,['R 5:00 PM - 6:15 PM'],['Watson Fine Arts Center 222'],"[ClassInstructor(name='Raney, Jr., Earl', link='https://wheatoncollege.edu/academics/faculty-directory/earl-raney/')]",,,,[],https://www.bkstr.com/webapp/wcs/stores/servlet/booklookServlet?bookstore_id-1=525&term_id-1=Spring+2015&div-1=&dept-1=MUSC&course-1=098&section-1=B01,"SeatInfo(max='Max Enroll: 15', taken='Max Enroll: 15', avail='Max Enroll: 15', wait_list='Max Enroll: 15')",.50 credit. Prerequisite: Requires ability to read music notation and ability to match pitch. Eligibility confirmed in testing on first day of class. Limited to 15. ,Thursday 5:00  - 6:15 
354,MUSC,"ClassNumber(num='MUSC-100 B', link='https://weblprod1.wheatonma.edu/PROD/bzcrschd.P_ViewCourseDescription?term_in=201520&subj_code_in=MUSC&crse_numb_in=100&crn_in=10507&seq_numb_in=B')","ClassExam(letter='L.', link='https://weblprod1.wheatonma.edu/PROD/bzcrschd.P_DispExamInfo?exam_code=L.&course=MUSC-100 B&term_code=201520&term_desc=Spring 2015&crn=10507')",Introduction to Music,10507,['M W 3:30 PM - 4:50 PM'],['Watson Fine Arts Center 222'],"[ClassInstructor(name='Cashen, Jeffrey A.', link='https://wheatoncollege.edu/academics/faculty-directory/Jeffrey-Cashen/')]",,DVAH,ARCA,[],https://www.bkstr.com/webapp/wcs/stores/servlet/booklookServlet?bookstore_id-1=525&term_id-1=Spring+2015&div-1=&dept-1=MUSC&course-1=100&section-1=B,"SeatInfo(max='Max Enroll: 55', taken='Max Enroll: 55', avail='Max Enroll: 55', wait_list='Max Enroll: 55')",Limited to 55. ,Monday Wednesday 3:30  - 4:50 
355,MUSC,"ClassNumber(num='MUSC-107 B', link='https://weblprod1.wheatonma.edu/PROD/bzcrschd.P_ViewCourseDescription?term_in=201520&subj_code_in=MUSC&crse_numb_in=107&crn_in=10456&seq_numb_in=B')","ClassExam(letter='H.', link='https://weblprod1.wheatonma.edu/PROD/bzcrschd.P_DispExamInfo?exam_code=H.&course=MUSC-107 B&term_code=201520&term_desc=Spring 2015&crn=10456')",The Physics of Music and Sound,10456,['M W 12:30 PM - 1:50 PM'],['Science Center 1343'],"[ClassInstructor(name='Houser, Anthony C.', link='https://wheatoncollege.edu/academics/faculty-directory/Anthony-Houser/')]",,DVNS,ARNS,"[ClassConx(num='2043', link='https://weblprod1.wheatonma.edu/PROD/bzcrschd.P_ViewCourseDescription?term_in=201520&subj_code_in=CONX&crse_numb_in=20043&crn_in=&seq_numb_in=')]",https://www.bkstr.com/webapp/wcs/stores/servlet/booklookServlet?bookstore_id-1=525&term_id-1=Spring+2015&div-1=&dept-1=MUSC&course-1=107&section-1=B,"SeatInfo(max='Max Enroll: 0', taken='Max Enroll: 0', avail='Max Enroll: 0', wait_list='Max Enroll: 0')",Register under PHYS 107.  Limited to 48. ,Monday Wednesday 12:30  - 1:50 
356,MUSC,"ClassNumber(num='MUSC-113 B', link='https://weblprod1.wheatonma.edu/PROD/bzcrschd.P_ViewCourseDescription?term_in=201520&subj_code_in=MUSC&crse_numb_in=113&crn_in=10055&seq_numb_in=B')","ClassExam(letter='S.', link='https://weblprod1.wheatonma.edu/PROD/bzcrschd.P_DispExamInfo?exam_code=S.&course=MUSC-113 B&term_code=201520&term_desc=Spring 2015&crn=10055')",Introduction to Music Theory,10055,['T R 9:30 AM - 10:50 AM'],['Watson Fine Arts Center 222'],"[ClassInstructor(name='Allen, Matthew H.', link='https://wheatoncollege.edu/academics/faculty-directory/Matthew-Allen/')]",,DVAH,ARCA,"[ClassConx(num='2043', link='https://weblprod1.wheatonma.edu/PROD/bzcrschd.P_ViewCourseDescription?term_in=201520&subj_code_in=CONX&crse_numb_in=20043&crn_in=&seq_numb_in=')]",https://www.bkstr.com/webapp/wcs/stores/servlet/booklookServlet?bookstore_id-1=525&term_id-1=Spring+2015&div-1=&dept-1=MUSC&course-1=113&section-1=B,"SeatInfo(max='Max Enroll: 25', taken='Max Enroll: 25', avail='Max Enroll: 25', wait_list='Max Enroll: 25')",Limited to 25.  Offered every semester. ,Tuesday Thursday 9:30  - 10:50 
357,MUSC,"ClassNumber(num='MUSC-114 B', link='https://weblprod1.wheatonma.edu/PROD/bzcrschd.P_ViewCourseDescription?term_in=201520&subj_code_in=MUSC&crse_numb_in=114&crn_in=10059&seq_numb_in=B')","ClassExam(letter='R.', link='https://weblprod1.wheatonma.edu/PROD/bzcrschd.P_DispExamInfo?exam_code=R.&course=MUSC-114 B&term_code=201520&term_desc=Spring 2015&crn=10059')",Music Theory I: Harmonic Pract,10059,['T R 2:00 PM - 3:20 PM'],['Watson Fine Arts Center 222'],"[ClassInstructor(name='Urban, Guy', link='https://wheatoncollege.edu/academics/faculty-directory/Guy-Urban/')]",,DVAH,ARCA,"[ClassConx(num='2043', link='https://weblprod1.wheatonma.edu/PROD/bzcrschd.P_ViewCourseDescription?term_in=201520&subj_code_in=CONX&crse_numb_in=20043&crn_in=&seq_numb_in=')]",https://www.bkstr.com/webapp/wcs/stores/servlet/booklookServlet?bookstore_id-1=525&term_id-1=Spring+2015&div-1=&dept-1=MUSC&course-1=114&section-1=B,"SeatInfo(max='Max Enroll: 25', taken='Max Enroll: 25', avail='Max Enroll: 25', wait_list='Max Enroll: 25')","Offered every semester. Requires some background in music notation and basic music theory, determined by placement test offered online and during the first class meeting. Limited to 25. ",Tuesday Thursday 2:00  - 3:20 
358,MUSC,"ClassNumber(num='MUSC-115 B', link='https://weblprod1.wheatonma.edu/PROD/bzcrschd.P_ViewCourseDescription?term_in=201520&subj_code_in=MUSC&crse_numb_in=115&crn_in=10046&seq_numb_in=B')","ClassExam(letter='R.', link='https://weblprod1.wheatonma.edu/PROD/bzcrschd.P_DispExamInfo?exam_code=R.&course=MUSC-115 B&term_code=201520&term_desc=Spring 2015&crn=10046')",Music Theory II: Tonal Harmony,10046,['M W F 10:30 AM - 11:20 AM'],['Watson Fine Arts Center 222'],"[ClassInstructor(name='MacPherson, William', link='https://wheatoncollege.edu/academics/faculty-directory/William-MacPherson/')]",,DVAH,ARCA,"[ClassConx(num='2043', link='https://weblprod1.wheatonma.edu/PROD/bzcrschd.P_ViewCourseDescription?term_in=201520&subj_code_in=CONX&crse_numb_in=20043&crn_in=&seq_numb_in=')]",https://www.bkstr.com/webapp/wcs/stores/servlet/booklookServlet?bookstore_id-1=525&term_id-1=Spring+2015&div-1=&dept-1=MUSC&course-1=115&section-1=B,"SeatInfo(max='Max Enroll: 999', taken='Max Enroll: 999', avail='Max Enroll: 999', wait_list='Max Enroll: 999')",Prerequisites: MUSC 114 or Permission of Instructor. Offered every semester. ,Monday Wednesday Friday 10:30  - 11:20 
359,MUSC,"ClassNumber(num='MUSC-208 B', link='https://weblprod1.wheatonma.edu/PROD/bzcrschd.P_ViewCourseDescription?term_in=201520&subj_code_in=MUSC&crse_numb_in=208&crn_in=10381&seq_numb_in=B')","ClassExam(letter='S.', link='https://weblprod1.wheatonma.edu/PROD/bzcrschd.P_DispExamInfo?exam_code=S.&course=MUSC-208 B&term_code=201520&term_desc=Spring 2015&crn=10381')",Songwriting,10381,['M W 2:00 PM - 3:20 PM'],['Watson Fine Arts Center 206'],"[ClassInstructor(name='Case, Delvyn', link='https://wheatoncollege.edu/academics/faculty-directory/Delvyn-Case/')]",,DVAH,ARCA,[],https://www.bkstr.com/webapp/wcs/stores/servlet/booklookServlet?bookstore_id-1=525&term_id-1=Spring+2015&div-1=&dept-1=MUSC&course-1=208&section-1=B,"SeatInfo(max='Max Enroll: 8', taken='Max Enroll: 8', avail='Max Enroll: 8', wait_list='Max Enroll: 8')",Register under MUSC 001. Prerequisite: MUSC 114 or Permission of Instructor. Limited to 8. ,Monday Wednesday 2:00  - 3:20 
360,MUSC,"ClassNumber(num='MUSC-210 B', link='https://weblprod1.wheatonma.edu/PROD/bzcrschd.P_ViewCourseDescription?term_in=201520&subj_code_in=MUSC&crse_numb_in=210&crn_in=10048&seq_numb_in=B')","ClassExam(letter='R.', link='https://weblprod1.wheatonma.edu/PROD/bzcrschd.P_DispExamInfo?exam_code=R.&course=MUSC-210 B&term_code=201520&term_desc=Spring 2015&crn=10048')",Western Music II,10048,['M W 12:30 PM - 1:50 PM'],['Wallace Library S15'],"[ClassInstructor(name='MacPherson, William', link='https://wheatoncollege.edu/academics/faculty-directory/William-MacPherson/')]",,DVAH,ARCA,[],https://www.bkstr.com/webapp/wcs/stores/servlet/booklookServlet?bookstore_id-1=525&term_id-1=Spring+2015&div-1=&dept-1=MUSC&course-1=210&section-1=B,"SeatInfo(max='Max Enroll: 999', taken='Max Enroll: 999', avail='Max Enroll: 999', wait_list='Max Enroll: 999')",Prerequisites:  MUSC 115 or Permission of Instructor. Offered every Spring. ,Monday Wednesday 12:30  - 1:50 
361,MUSC,"ClassNumber(num='MUSC-212 B', link='https://weblprod1.wheatonma.edu/PROD/bzcrschd.P_ViewCourseDescription?term_in=201520&subj_code_in=MUSC&crse_numb_in=212&crn_in=10056&seq_numb_in=B')","ClassExam(letter='N.', link='https://weblprod1.wheatonma.edu/PROD/bzcrschd.P_DispExamInfo?exam_code=N.&course=MUSC-212 B&term_code=201520&term_desc=Spring 2015&crn=10056')",World Music: Africa & Americas,10056,['T R 11:00 AM - 12:20 PM'],['Watson Fine Arts Center 222'],"[ClassInstructor(name='Searles, Julie A.', link='https://wheatoncollege.edu/academics/faculty-directory/Julie-Searles/')]",BW,DVAH,ARCA,"[ClassConx(num='2023', link='https://weblprod1.wheatonma.edu/PROD/bzcrschd.P_ViewCourseDescription?term_in=201520&subj_code_in=CONX&crse_numb_in=20023&crn_in=&seq_numb_in='), ClassConx(num='2301', link='https://weblprod1.wheatonma.edu/PROD/bzcrschd.P_ViewCourseDescription?term_in=201520&subj_code_in=CONX&crse_numb_in=23001&crn_in=&seq_numb_in=')]",https://www.bkstr.com/webapp/wcs/stores/servlet/booklookServlet?bookstore_id-1=525&term_id-1=Spring+2015&div-1=&dept-1=MUSC&course-1=212&section-1=B,"SeatInfo(max='Max Enroll: 35', taken='Max Enroll: 35', avail='Max Enroll: 35', wait_list='Max Enroll: 35')",Offered every Spring.  Limited to 35. ,Tuesday Thursday 11:00  - 12:20 
362,MUSC,"ClassNumber(num='MUSC-215 B', link='https://weblprod1.wheatonma.edu/PROD/bzcrschd.P_ViewCourseDescription?term_in=201520&subj_code_in=MUSC&crse_numb_in=215&crn_in=10047&seq_numb_in=B')","ClassExam(letter='D.', link='https://weblprod1.wheatonma.edu/PROD/bzcrschd.P_DispExamInfo?exam_code=D.&course=MUSC-215 B&term_code=201520&term_desc=Spring 2015&crn=10047')",Jazz Harmony,10047,['M W F 11:30 AM - 12:20 PM'],['Watson Fine Arts Center 222'],"[ClassInstructor(name='Cashen, Jeffrey A.', link='https://wheatoncollege.edu/academics/faculty-directory/Jeffrey-Cashen/')]",,DVAH,ARCA,[],https://www.bkstr.com/webapp/wcs/stores/servlet/booklookServlet?bookstore_id-1=525&term_id-1=Spring+2015&div-1=&dept-1=MUSC&course-1=215&section-1=B,"SeatInfo(max='Max Enroll: 999', taken='Max Enroll: 999', avail='Max Enroll: 999', wait_list='Max Enroll: 999')",Prerequisite: MUSC 115 or Permission of Instructor. ,Monday Wednesday Friday 11:30  - 12:20 
363,MUSC,"ClassNumber(num='MUSC-262 B', link='https://weblprod1.wheatonma.edu/PROD/bzcrschd.P_ViewCourseDescription?term_in=201520&subj_code_in=MUSC&crse_numb_in=262&crn_in=10049&seq_numb_in=B')","ClassExam(letter='H.', link='https://weblprod1.wheatonma.edu/PROD/bzcrschd.P_DispExamInfo?exam_code=H.&course=MUSC-262 B&term_code=201520&term_desc=Spring 2015&crn=10049')",American Vernacular Dance,10049,['M W 12:30 PM - 1:50 PM'],['Watson Fine Arts Center 222'],"[ClassInstructor(name='Searles, Julie A.', link='https://wheatoncollege.edu/academics/faculty-directory/Julie-Searles/')]",BW,DVAH,ARCA,[],https://www.bkstr.com/webapp/wcs/stores/servlet/booklookServlet?bookstore_id-1=525&term_id-1=Spring+2015&div-1=&dept-1=MUSC&course-1=262&section-1=B,"SeatInfo(max='Max Enroll: 25', taken='Max Enroll: 25', avail='Max Enroll: 25', wait_list='Max Enroll: 25')",Limited to 25. ,Monday Wednesday 12:30  - 1:50 
364,MUSC,"ClassNumber(num='MUSC-292 B', link='https://weblprod1.wheatonma.edu/PROD/bzcrschd.P_ViewCourseDescription?term_in=201520&subj_code_in=MUSC&crse_numb_in=292&crn_in=10058&seq_numb_in=B')","ClassExam(letter='S.', link='https://weblprod1.wheatonma.edu/PROD/bzcrschd.P_DispExamInfo?exam_code=S.&course=MUSC-292 B&term_code=201520&term_desc=Spring 2015&crn=10058')",Broadway Bound,10058,['T R 12:30 PM - 1:50 PM'],['Watson Fine Arts Center 222'],"[ClassInstructor(name='Sears, Elizabeth A.', link='https://wheatoncollege.edu/academics/faculty-directory/ann-sears/')]",,DVAH,ARCA,[],https://www.bkstr.com/webapp/wcs/stores/servlet/booklookServlet?bookstore_id-1=525&term_id-1=Spring+2015&div-1=&dept-1=MUSC&course-1=292&section-1=B,"SeatInfo(max='Max Enroll: 999', taken='Max Enroll: 999', avail='Max Enroll: 999', wait_list='Max Enroll: 999')",Cross-Listed with FNMS 292 and THEA 292. ,Tuesday Thursday 12:30  - 1:50 
365,MUSC,"ClassNumber(num='MUSC-299 B01', link='https://weblprod1.wheatonma.edu/PROD/bzcrschd.P_ViewCourseDescription?term_in=201520&subj_code_in=MUSC&crse_numb_in=299&crn_in=10654&seq_numb_in=B01')","ClassExam(letter='J.', link='https://weblprod1.wheatonma.edu/PROD/bzcrschd.P_DispExamInfo?exam_code=J.&course=MUSC-299 B01&term_code=201520&term_desc=Spring 2015&crn=10654')",Ind Stdy: Carnatic Singing,10654,['TBA'],['Location info TBA'],"[ClassInstructor(name='Allen, Matthew H.', link='https://wheatoncollege.edu/academics/faculty-directory/Matthew-Allen/')]",,,,[],https://www.bkstr.com/webapp/wcs/stores/servlet/booklookServlet?bookstore_id-1=525&term_id-1=Spring+2015&div-1=&dept-1=MUSC&course-1=299&section-1=B01,"SeatInfo(max='Max Enroll: 4', taken='Max Enroll: 4', avail='Max Enroll: 4', wait_list='Max Enroll: 4')",Permission of Instructor. ,
366,MUSC,"ClassNumber(num='MUSC-308 B', link='https://weblprod1.wheatonma.edu/PROD/bzcrschd.P_ViewCourseDescription?term_in=201520&subj_code_in=MUSC&crse_numb_in=308&crn_in=10057&seq_numb_in=B')","ClassExam(letter='R.', link='https://weblprod1.wheatonma.edu/PROD/bzcrschd.P_DispExamInfo?exam_code=R.&course=MUSC-308 B&term_code=201520&term_desc=Spring 2015&crn=10057')",Analytical Surv of West Music,10057,['T R 11:00 AM - 12:20 PM'],['Watson Fine Arts Center 206'],"[ClassInstructor(name='Urban, Guy', link='https://wheatoncollege.edu/academics/faculty-directory/Guy-Urban/')]",,DVAH,ARCA,[],https://www.bkstr.com/webapp/wcs/stores/servlet/booklookServlet?bookstore_id-1=525&term_id-1=Spring+2015&div-1=&dept-1=MUSC&course-1=308&section-1=B,"SeatInfo(max='Max Enroll: 999', taken='Max Enroll: 999', avail='Max Enroll: 999', wait_list='Max Enroll: 999')",Prerequisites: MUSC 115 and MUSC 214 or Permission of Instructor. ,Tuesday Thursday 11:00  - 12:20 
367,MUSC,"ClassNumber(num='MUSC-309 B', link='https://weblprod1.wheatonma.edu/PROD/bzcrschd.P_ViewCourseDescription?term_in=201520&subj_code_in=MUSC&crse_numb_in=309&crn_in=10382&seq_numb_in=B')","ClassExam(letter='S.', link='https://weblprod1.wheatonma.edu/PROD/bzcrschd.P_DispExamInfo?exam_code=S.&course=MUSC-309 B&term_code=201520&term_desc=Spring 2015&crn=10382')",Music Nationalism and Identity,10382,['M W 2:00 PM - 3:20 PM'],['Watson Fine Arts Center 222'],"[ClassInstructor(name='Allen, Matthew H.', link='https://wheatoncollege.edu/academics/faculty-directory/Matthew-Allen/')]",BW,DVAH,ARCA,[],https://www.bkstr.com/webapp/wcs/stores/servlet/booklookServlet?bookstore_id-1=525&term_id-1=Spring+2015&div-1=&dept-1=MUSC&course-1=309&section-1=B,"SeatInfo(max='Max Enroll: 999', taken='Max Enroll: 999', avail='Max Enroll: 999', wait_list='Max Enroll: 999')",Prerequisites: MUSC 211 or MUSC 212 or MUSC 221 or MUSC 222 or MUSC 223 or MUSC 224 or MUSC 262 or Permission of Instructor. ,Monday Wednesday 2:00  - 3:20 
368,MUSC,"ClassNumber(num='MUSC-398 B01', link='https://weblprod1.wheatonma.edu/PROD/bzcrschd.P_ViewCourseDescription?term_in=201520&subj_code_in=MUSC&crse_numb_in=398&crn_in=10053&seq_numb_in=B01')","ClassExam(letter='S.', link='https://weblprod1.wheatonma.edu/PROD/bzcrschd.P_DispExamInfo?exam_code=S.&course=MUSC-398 B01&term_code=201520&term_desc=Spring 2015&crn=10053')",Arts Administration,10053,['T R 9:30 AM - 10:50 AM'],['Watson Fine Arts Center 206'],"[ClassInstructor(name='Sears, Elizabeth A.', link='https://wheatoncollege.edu/academics/faculty-directory/ann-sears/')]",,,,[],https://www.bkstr.com/webapp/wcs/stores/servlet/booklookServlet?bookstore_id-1=525&term_id-1=Spring+2015&div-1=&dept-1=MUSC&course-1=398&section-1=B01,"SeatInfo(max='Max Enroll: 999', taken='Max Enroll: 999', avail='Max Enroll: 999', wait_list='Max Enroll: 999')",,Tuesday Thursday 9:30  - 10:50 
369,MUSC,"ClassNumber(num='MUSC-399 B01', link='https://weblprod1.wheatonma.edu/PROD/bzcrschd.P_ViewCourseDescription?term_in=201520&subj_code_in=MUSC&crse_numb_in=399&crn_in=10653&seq_numb_in=B01')","ClassExam(letter='J.', link='https://weblprod1.wheatonma.edu/PROD/bzcrschd.P_DispExamInfo?exam_code=J.&course=MUSC-399 B01&term_code=201520&term_desc=Spring 2015&crn=10653')",Ind Stdy: Conducting,10653,['TBA'],['Location info TBA'],"[ClassInstructor(name='Harbold, Timothy T.', link='https://wheatoncollege.edu/academics/faculty-directory/tim-harbold/')]",,,,[],https://www.bkstr.com/webapp/wcs/stores/servlet/booklookServlet?bookstore_id-1=525&term_id-1=Spring+2015&div-1=&dept-1=MUSC&course-1=399&section-1=B01,"SeatInfo(max='Max Enroll: 1', taken='Max Enroll: 1', avail='Max Enroll: 1', wait_list='Max Enroll: 1')",Permission of Instructor. ,
370,MUSC,"ClassNumber(num='MUSC-399 B02', link='https://weblprod1.wheatonma.edu/PROD/bzcrschd.P_ViewCourseDescription?term_in=201520&subj_code_in=MUSC&crse_numb_in=399&crn_in=10686&seq_numb_in=B02')","ClassExam(letter='J.', link='https://weblprod1.wheatonma.edu/PROD/bzcrschd.P_DispExamInfo?exam_code=J.&course=MUSC-399 B02&term_code=201520&term_desc=Spring 2015&crn=10686')",Selected Topics,10686,['TBA'],['Location info TBA'],"[ClassInstructor(name='Sears, Elizabeth A.', link='https://wheatoncollege.edu/academics/faculty-directory/ann-sears/')]",,,,[],https://www.bkstr.com/webapp/wcs/stores/servlet/booklookServlet?bookstore_id-1=525&term_id-1=Spring+2015&div-1=&dept-1=MUSC&course-1=399&section-1=B02,"SeatInfo(max='Max Enroll: 2', taken='Max Enroll: 2', avail='Max Enroll: 2', wait_list='Max Enroll: 2')",Permission of Instructor. ,
371,MUSC,"ClassNumber(num='MUSC-402 B', link='https://weblprod1.wheatonma.edu/PROD/bzcrschd.P_ViewCourseDescription?term_in=201520&subj_code_in=MUSC&crse_numb_in=402&crn_in=10060&seq_numb_in=B')","ClassExam(letter='S.', link='https://weblprod1.wheatonma.edu/PROD/bzcrschd.P_DispExamInfo?exam_code=S.&course=MUSC-402 B&term_code=201520&term_desc=Spring 2015&crn=10060')",Senior Seminar,10060,['R 2:00 PM - 4:50 PM'],['Wallace Library S15'],"[ClassInstructor(name='Allen, Matthew H.', link='https://wheatoncollege.edu/academics/faculty-directory/Matthew-Allen/')]",,,,[],https://www.bkstr.com/webapp/wcs/stores/servlet/booklookServlet?bookstore_id-1=525&term_id-1=Spring+2015&div-1=&dept-1=MUSC&course-1=402&section-1=B,"SeatInfo(max='Max Enroll: 20', taken='Max Enroll: 20', avail='Max Enroll: 20', wait_list='Max Enroll: 20')",Required of Music Majors and open to other qualified students by Permission of Instructor.  Offered every Spring. Limited to 20. ,Thursday 2:00  - 4:50 
372,MUSP,"ClassNumber(num='MUSP-010 D', link='https://weblprod1.wheatonma.edu/PROD/bzcrschd.P_ViewCourseDescription?term_in=201520&subj_code_in=MUSP&crse_numb_in=010&crn_in=10018&seq_numb_in=D')","ClassExam(letter='J.', link='https://weblprod1.wheatonma.edu/PROD/bzcrschd.P_DispExamInfo?exam_code=J.&course=MUSP-010 D&term_code=201520&term_desc=Spring 2015&crn=10018')",Wheaton College Chorale,10018,['M W 5:00 PM - 6:14 PM'],['Location info TBA'],"[ClassInstructor(name='Harbold, Timothy T.', link='https://wheatoncollege.edu/academics/faculty-directory/tim-harbold/')]",,,,[],https://www.bkstr.com/webapp/wcs/stores/servlet/booklookServlet?bookstore_id-1=525&term_id-1=Spring+2015&div-1=&dept-1=MUSP&course-1=010&section-1=D,"SeatInfo(max='Max Enroll: 999', taken='Max Enroll: 999', avail='Max Enroll: 999', wait_list='Max Enroll: 999')",(.25 Credit) ,Monday Wednesday 5:00  - 6:14 
373,MUSP,"ClassNumber(num='MUSP-015 D', link='https://weblprod1.wheatonma.edu/PROD/bzcrschd.P_ViewCourseDescription?term_in=201520&subj_code_in=MUSP&crse_numb_in=015&crn_in=10021&seq_numb_in=D')","ClassExam(letter='J.', link='https://weblprod1.wheatonma.edu/PROD/bzcrschd.P_DispExamInfo?exam_code=J.&course=MUSP-015 D&term_code=201520&term_desc=Spring 2015&crn=10021')",Wheaton Chamber Orchestra,10021,['M 7:00 PM - 9:00 PM'],['Location info TBA'],"[ClassInstructor(name='Case, Delvyn', link='https://wheatoncollege.edu/academics/faculty-directory/Delvyn-Case/')]",,,,[],https://www.bkstr.com/webapp/wcs/stores/servlet/booklookServlet?bookstore_id-1=525&term_id-1=Spring+2015&div-1=&dept-1=MUSP&course-1=015&section-1=D,"SeatInfo(max='Max Enroll: 999', taken='Max Enroll: 999', avail='Max Enroll: 999', wait_list='Max Enroll: 999')",(.25 Credit) ,Monday 7:00  - 9:00 
374,MUSP,"ClassNumber(num='MUSP-020 D', link='https://weblprod1.wheatonma.edu/PROD/bzcrschd.P_ViewCourseDescription?term_in=201520&subj_code_in=MUSP&crse_numb_in=020&crn_in=10022&seq_numb_in=D')","ClassExam(letter='J.', link='https://weblprod1.wheatonma.edu/PROD/bzcrschd.P_DispExamInfo?exam_code=J.&course=MUSP-020 D&term_code=201520&term_desc=Spring 2015&crn=10022')",Wind Symphony,10022,['R 7:00 PM - 9:00 PM'],['Location info TBA'],"[ClassInstructor(name='Raney, Jr., Earl', link='https://wheatoncollege.edu/academics/faculty-directory/earl-raney/')]",,,,[],https://www.bkstr.com/webapp/wcs/stores/servlet/booklookServlet?bookstore_id-1=525&term_id-1=Spring+2015&div-1=&dept-1=MUSP&course-1=020&section-1=D,"SeatInfo(max='Max Enroll: 999', taken='Max Enroll: 999', avail='Max Enroll: 999', wait_list='Max Enroll: 999')",(.25 Credit) ,Thursday 7:00  - 9:00 
375,MUSP,"ClassNumber(num='MUSP-025 D', link='https://weblprod1.wheatonma.edu/PROD/bzcrschd.P_ViewCourseDescription?term_in=201520&subj_code_in=MUSP&crse_numb_in=025&crn_in=10023&seq_numb_in=D')","ClassExam(letter='J.', link='https://weblprod1.wheatonma.edu/PROD/bzcrschd.P_DispExamInfo?exam_code=J.&course=MUSP-025 D&term_code=201520&term_desc=Spring 2015&crn=10023')",Wheaton Jazz Band,10023,['F 12:30 PM - 2:30 PM'],['Watson Fine Arts Center 222'],"[ClassInstructor(name='Cashen, Jeffrey A.', link='https://wheatoncollege.edu/academics/faculty-directory/Jeffrey-Cashen/')]",,,,[],https://www.bkstr.com/webapp/wcs/stores/servlet/booklookServlet?bookstore_id-1=525&term_id-1=Spring+2015&div-1=&dept-1=MUSP&course-1=025&section-1=D,"SeatInfo(max='Max Enroll: 999', taken='Max Enroll: 999', avail='Max Enroll: 999', wait_list='Max Enroll: 999')",(.25 Credit) ,Friday 12:30  - 2:30 
376,MUSP,"ClassNumber(num='MUSP-030 D', link='https://weblprod1.wheatonma.edu/PROD/bzcrschd.P_ViewCourseDescription?term_in=201520&subj_code_in=MUSP&crse_numb_in=030&crn_in=10024&seq_numb_in=D')","ClassExam(letter='J.', link='https://weblprod1.wheatonma.edu/PROD/bzcrschd.P_DispExamInfo?exam_code=J.&course=MUSP-030 D&term_code=201520&term_desc=Spring 2015&crn=10024')",World Music Ensemble,10024,['T 7:00 PM - 9:00 PM'],['Location info TBA'],"[ClassInstructor(name='Falls-Keohane, Sheila E.', link='https://wheatoncollege.edu/academics/faculty-directory/Sheila-Falls-Keohane/')]",,,,[],https://www.bkstr.com/webapp/wcs/stores/servlet/booklookServlet?bookstore_id-1=525&term_id-1=Spring+2015&div-1=&dept-1=MUSP&course-1=030&section-1=D,"SeatInfo(max='Max Enroll: 999', taken='Max Enroll: 999', avail='Max Enroll: 999', wait_list='Max Enroll: 999')",(.25 Credit) ,Tuesday 7:00  - 9:00 
377,MUSP,"ClassNumber(num='MUSP-035 D', link='https://weblprod1.wheatonma.edu/PROD/bzcrschd.P_ViewCourseDescription?term_in=201520&subj_code_in=MUSP&crse_numb_in=035&crn_in=10020&seq_numb_in=D')","ClassExam(letter='J.', link='https://weblprod1.wheatonma.edu/PROD/bzcrschd.P_DispExamInfo?exam_code=J.&course=MUSP-035 D&term_code=201520&term_desc=Spring 2015&crn=10020')",Chamber Singers,10020,['M W 6:15 PM - 7:15 PM'],['Location info TBA'],"[ClassInstructor(name='Harbold, Timothy T.', link='https://wheatoncollege.edu/academics/faculty-directory/tim-harbold/')]",,,,[],https://www.bkstr.com/webapp/wcs/stores/servlet/booklookServlet?bookstore_id-1=525&term_id-1=Spring+2015&div-1=&dept-1=MUSP&course-1=035&section-1=D,"SeatInfo(max='Max Enroll: 999', taken='Max Enroll: 999', avail='Max Enroll: 999', wait_list='Max Enroll: 999')",Register for MUSP 011. Audition required first day of class. Permission of Instructor. (.25 Credit) ,Monday Wednesday 6:15  - 7:15 
378,MUSP,"ClassNumber(num='MUSP-101 B01', link='https://weblprod1.wheatonma.edu/PROD/bzcrschd.P_ViewCourseDescription?term_in=201520&subj_code_in=MUSP&crse_numb_in=101&crn_in=10695&seq_numb_in=B01')","ClassExam(letter='J.', link='https://weblprod1.wheatonma.edu/PROD/bzcrschd.P_DispExamInfo?exam_code=J.&course=MUSP-101 B01&term_code=201520&term_desc=Spring 2015&crn=10695')",Performance Study:  Piano,10695,['TBA'],['Location info TBA'],"[ClassInstructor(name='Romanul, Lisa K.', link='https://wheatoncollege.edu/academics/faculty-directory/Lisa-Romanul/')]",,,,[],https://www.bkstr.com/webapp/wcs/stores/servlet/booklookServlet?bookstore_id-1=525&term_id-1=Spring+2015&div-1=&dept-1=MUSP&course-1=101&section-1=B01,"SeatInfo(max='Max Enroll: 1', taken='Max Enroll: 1', avail='Max Enroll: 1', wait_list='Max Enroll: 1')",,
379,MUSP,"ClassNumber(num='MUSP-101 B02', link='https://weblprod1.wheatonma.edu/PROD/bzcrschd.P_ViewCourseDescription?term_in=201520&subj_code_in=MUSP&crse_numb_in=101&crn_in=10704&seq_numb_in=B02')","ClassExam(letter='J.', link='https://weblprod1.wheatonma.edu/PROD/bzcrschd.P_DispExamInfo?exam_code=J.&course=MUSP-101 B02&term_code=201520&term_desc=Spring 2015&crn=10704')",Performance Study:  Guitar,10704,['TBA'],['Location info TBA'],"[ClassInstructor(name='Cashen, Jeffrey A.', link='https://wheatoncollege.edu/academics/faculty-directory/Jeffrey-Cashen/')]",,,,[],https://www.bkstr.com/webapp/wcs/stores/servlet/booklookServlet?bookstore_id-1=525&term_id-1=Spring+2015&div-1=&dept-1=MUSP&course-1=101&section-1=B02,"SeatInfo(max='Max Enroll: 2', taken='Max Enroll: 2', avail='Max Enroll: 2', wait_list='Max Enroll: 2')",,
380,MUSP,"ClassNumber(num='MUSP-101 B03', link='https://weblprod1.wheatonma.edu/PROD/bzcrschd.P_ViewCourseDescription?term_in=201520&subj_code_in=MUSP&crse_numb_in=101&crn_in=10717&seq_numb_in=B03')","ClassExam(letter='J.', link='https://weblprod1.wheatonma.edu/PROD/bzcrschd.P_DispExamInfo?exam_code=J.&course=MUSP-101 B03&term_code=201520&term_desc=Spring 2015&crn=10717')",Performance Study:  Voice,10717,['TBA'],['Location info TBA'],"[ClassInstructor(name='Mouradjian, Joanne', link='https://wheatoncollege.edu/academics/faculty-directory/Joanne-Mouradjian/')]",,,,[],https://www.bkstr.com/webapp/wcs/stores/servlet/booklookServlet?bookstore_id-1=525&term_id-1=Spring+2015&div-1=&dept-1=MUSP&course-1=101&section-1=B03,"SeatInfo(max='Max Enroll: 4', taken='Max Enroll: 4', avail='Max Enroll: 4', wait_list='Max Enroll: 4')",,
381,MUSP,"ClassNumber(num='MUSP-101 B04', link='https://weblprod1.wheatonma.edu/PROD/bzcrschd.P_ViewCourseDescription?term_in=201520&subj_code_in=MUSP&crse_numb_in=101&crn_in=10724&seq_numb_in=B04')","ClassExam(letter='J.', link='https://weblprod1.wheatonma.edu/PROD/bzcrschd.P_DispExamInfo?exam_code=J.&course=MUSP-101 B04&term_code=201520&term_desc=Spring 2015&crn=10724')",Performance Study:  Violin,10724,['TBA'],['Location info TBA'],"[ClassInstructor(name='Soto, Jorge A.', link='https://wheatoncollege.edu/academics/faculty-directory/Jorge-Soto/')]",,,,[],https://www.bkstr.com/webapp/wcs/stores/servlet/booklookServlet?bookstore_id-1=525&term_id-1=Spring+2015&div-1=&dept-1=MUSP&course-1=101&section-1=B04,"SeatInfo(max='Max Enroll: 2', taken='Max Enroll: 2', avail='Max Enroll: 2', wait_list='Max Enroll: 2')",,
382,MUSP,"ClassNumber(num='MUSP-101 B05', link='https://weblprod1.wheatonma.edu/PROD/bzcrschd.P_ViewCourseDescription?term_in=201520&subj_code_in=MUSP&crse_numb_in=101&crn_in=10741&seq_numb_in=B05')","ClassExam(letter='', link='')",Performance Study: Jazz Piano,10741,['TBA'],['Location info TBA'],"[ClassInstructor(name='Centofanti, Diamond', link='https://wheatoncollege.edu/academics/faculty-directory/Diamond-Centofanti/')]",,,,[],https://www.bkstr.com/webapp/wcs/stores/servlet/booklookServlet?bookstore_id-1=525&term_id-1=Spring+2015&div-1=&dept-1=MUSP&course-1=101&section-1=B05,"SeatInfo(max='Max Enroll: 1', taken='Max Enroll: 1', avail='Max Enroll: 1', wait_list='Max Enroll: 1')",,
383,MUSP,"ClassNumber(num='MUSP-102 B01', link='https://weblprod1.wheatonma.edu/PROD/bzcrschd.P_ViewCourseDescription?term_in=201520&subj_code_in=MUSP&crse_numb_in=102&crn_in=10688&seq_numb_in=B01')","ClassExam(letter='J.', link='https://weblprod1.wheatonma.edu/PROD/bzcrschd.P_DispExamInfo?exam_code=J.&course=MUSP-102 B01&term_code=201520&term_desc=Spring 2015&crn=10688')",Performance Study: Jazz Piano,10688,['TBA'],['Location info TBA'],"[ClassInstructor(name='Centofanti, Diamond', link='https://wheatoncollege.edu/academics/faculty-directory/Diamond-Centofanti/')]",,,,[],https://www.bkstr.com/webapp/wcs/stores/servlet/booklookServlet?bookstore_id-1=525&term_id-1=Spring+2015&div-1=&dept-1=MUSP&course-1=102&section-1=B01,"SeatInfo(max='Max Enroll: 2', taken='Max Enroll: 2', avail='Max Enroll: 2', wait_list='Max Enroll: 2')",Prerequisites: MUSP 101 and MUSC 114 or MUSC 115 or any 200-level MUSC. ,
384,MUSP,"ClassNumber(num='MUSP-102 B02', link='https://weblprod1.wheatonma.edu/PROD/bzcrschd.P_ViewCourseDescription?term_in=201520&subj_code_in=MUSP&crse_numb_in=102&crn_in=10692&seq_numb_in=B02')","ClassExam(letter='J.', link='https://weblprod1.wheatonma.edu/PROD/bzcrschd.P_DispExamInfo?exam_code=J.&course=MUSP-102 B02&term_code=201520&term_desc=Spring 2015&crn=10692')",Performance Study:  Violin,10692,['TBA'],['Location info TBA'],"[ClassInstructor(name='Falls-Keohane, Sheila E.', link='https://wheatoncollege.edu/academics/faculty-directory/Sheila-Falls-Keohane/')]",,,,[],https://www.bkstr.com/webapp/wcs/stores/servlet/booklookServlet?bookstore_id-1=525&term_id-1=Spring+2015&div-1=&dept-1=MUSP&course-1=102&section-1=B02,"SeatInfo(max='Max Enroll: 1', taken='Max Enroll: 1', avail='Max Enroll: 1', wait_list='Max Enroll: 1')",Prerequisites: MUSP 101 and MUSC 114 or MUSC 115 or any 200-level MUSC. ,
385,MUSP,"ClassNumber(num='MUSP-102 B03', link='https://weblprod1.wheatonma.edu/PROD/bzcrschd.P_ViewCourseDescription?term_in=201520&subj_code_in=MUSP&crse_numb_in=102&crn_in=10696&seq_numb_in=B03')","ClassExam(letter='J.', link='https://weblprod1.wheatonma.edu/PROD/bzcrschd.P_DispExamInfo?exam_code=J.&course=MUSP-102 B03&term_code=201520&term_desc=Spring 2015&crn=10696')",Performance Study:  Piano,10696,['TBA'],['Location info TBA'],"[ClassInstructor(name='Sears, Elizabeth A.', link='https://wheatoncollege.edu/academics/faculty-directory/ann-sears/')]",,,,[],https://www.bkstr.com/webapp/wcs/stores/servlet/booklookServlet?bookstore_id-1=525&term_id-1=Spring+2015&div-1=&dept-1=MUSP&course-1=102&section-1=B03,"SeatInfo(max='Max Enroll: 1', taken='Max Enroll: 1', avail='Max Enroll: 1', wait_list='Max Enroll: 1')",Prerequisites: MUSP 101 and MUSC 114 or MUSC 115 or any 200-level MUSC. ,
386,MUSP,"ClassNumber(num='MUSP-102 B04', link='https://weblprod1.wheatonma.edu/PROD/bzcrschd.P_ViewCourseDescription?term_in=201520&subj_code_in=MUSP&crse_numb_in=102&crn_in=10697&seq_numb_in=B04')","ClassExam(letter='J.', link='https://weblprod1.wheatonma.edu/PROD/bzcrschd.P_DispExamInfo?exam_code=J.&course=MUSP-102 B04&term_code=201520&term_desc=Spring 2015&crn=10697')",Performance Study: Piano,10697,['TBA'],['Location info TBA'],"[ClassInstructor(name='Romanul, Lisa K.', link='https://wheatoncollege.edu/academics/faculty-directory/Lisa-Romanul/')]",,,,[],https://www.bkstr.com/webapp/wcs/stores/servlet/booklookServlet?bookstore_id-1=525&term_id-1=Spring+2015&div-1=&dept-1=MUSP&course-1=102&section-1=B04,"SeatInfo(max='Max Enroll: 1', taken='Max Enroll: 1', avail='Max Enroll: 1', wait_list='Max Enroll: 1')",Prerequisites: MUSP 101 and MUSC 114 or MUSC 115 or any 200-level MUSC. ,
387,MUSP,"ClassNumber(num='MUSP-102 B05', link='https://weblprod1.wheatonma.edu/PROD/bzcrschd.P_ViewCourseDescription?term_in=201520&subj_code_in=MUSP&crse_numb_in=102&crn_in=10718&seq_numb_in=B05')","ClassExam(letter='J.', link='https://weblprod1.wheatonma.edu/PROD/bzcrschd.P_DispExamInfo?exam_code=J.&course=MUSP-102 B05&term_code=201520&term_desc=Spring 2015&crn=10718')",Performance Study:  Voice,10718,['TBA'],['Location info TBA'],"[ClassInstructor(name='Mouradjian, Joanne', link='https://wheatoncollege.edu/academics/faculty-directory/Joanne-Mouradjian/')]",,,,[],https://www.bkstr.com/webapp/wcs/stores/servlet/booklookServlet?bookstore_id-1=525&term_id-1=Spring+2015&div-1=&dept-1=MUSP&course-1=102&section-1=B05,"SeatInfo(max='Max Enroll: 2', taken='Max Enroll: 2', avail='Max Enroll: 2', wait_list='Max Enroll: 2')",Prerequisites: MUSP 101 and MUSC 114 or MUSC 115 or any 200-level MUSC. ,
388,MUSP,"ClassNumber(num='MUSP-102 B06', link='https://weblprod1.wheatonma.edu/PROD/bzcrschd.P_ViewCourseDescription?term_in=201520&subj_code_in=MUSP&crse_numb_in=102&crn_in=10725&seq_numb_in=B06')","ClassExam(letter='J.', link='https://weblprod1.wheatonma.edu/PROD/bzcrschd.P_DispExamInfo?exam_code=J.&course=MUSP-102 B06&term_code=201520&term_desc=Spring 2015&crn=10725')",Performance Study:  Violin,10725,['TBA'],['Location info TBA'],"[ClassInstructor(name='Soto, Jorge A.', link='https://wheatoncollege.edu/academics/faculty-directory/Jorge-Soto/')]",,,,[],https://www.bkstr.com/webapp/wcs/stores/servlet/booklookServlet?bookstore_id-1=525&term_id-1=Spring+2015&div-1=&dept-1=MUSP&course-1=102&section-1=B06,"SeatInfo(max='Max Enroll: 1', taken='Max Enroll: 1', avail='Max Enroll: 1', wait_list='Max Enroll: 1')",Prerequisites: MUSP 101 and MUSC 114 or MUSC 115 or any 200-level MUSC. ,
389,MUSP,"ClassNumber(num='MUSP-103 B01', link='https://weblprod1.wheatonma.edu/PROD/bzcrschd.P_ViewCourseDescription?term_in=201520&subj_code_in=MUSP&crse_numb_in=103&crn_in=10689&seq_numb_in=B01')","ClassExam(letter='J.', link='https://weblprod1.wheatonma.edu/PROD/bzcrschd.P_DispExamInfo?exam_code=J.&course=MUSP-103 B01&term_code=201520&term_desc=Spring 2015&crn=10689')",Performance Study:  Cello,10689,['TBA'],['Location info TBA'],"[ClassInstructor(name='Irkaeva, Zarina S.', link='https://wheatoncollege.edu/academics/faculty-directory/Zarina-Irkaeva/')]",,,,[],https://www.bkstr.com/webapp/wcs/stores/servlet/booklookServlet?bookstore_id-1=525&term_id-1=Spring+2015&div-1=&dept-1=MUSP&course-1=103&section-1=B01,"SeatInfo(max='Max Enroll: 1', taken='Max Enroll: 1', avail='Max Enroll: 1', wait_list='Max Enroll: 1')",Prerequisite: MUSP 102. ,
390,MUSP,"ClassNumber(num='MUSP-103 B02', link='https://weblprod1.wheatonma.edu/PROD/bzcrschd.P_ViewCourseDescription?term_in=201520&subj_code_in=MUSP&crse_numb_in=103&crn_in=10713&seq_numb_in=B02')","ClassExam(letter='J.', link='https://weblprod1.wheatonma.edu/PROD/bzcrschd.P_DispExamInfo?exam_code=J.&course=MUSP-103 B02&term_code=201520&term_desc=Spring 2015&crn=10713')",Performance Study:  Trumpet,10713,['TBA'],['Location info TBA'],"[ClassInstructor(name='Raney, Jr., Earl', link='https://wheatoncollege.edu/academics/faculty-directory/earl-raney/')]",,,,[],https://www.bkstr.com/webapp/wcs/stores/servlet/booklookServlet?bookstore_id-1=525&term_id-1=Spring+2015&div-1=&dept-1=MUSP&course-1=103&section-1=B02,"SeatInfo(max='Max Enroll: 1', taken='Max Enroll: 1', avail='Max Enroll: 1', wait_list='Max Enroll: 1')",Prerequisite: MUSP 102. ,
391,MUSP,"ClassNumber(num='MUSP-104 B01', link='https://weblprod1.wheatonma.edu/PROD/bzcrschd.P_ViewCourseDescription?term_in=201520&subj_code_in=MUSP&crse_numb_in=104&crn_in=10698&seq_numb_in=B01')","ClassExam(letter='J.', link='https://weblprod1.wheatonma.edu/PROD/bzcrschd.P_DispExamInfo?exam_code=J.&course=MUSP-104 B01&term_code=201520&term_desc=Spring 2015&crn=10698')",Performance Study:  Piano,10698,['TBA'],['Location info TBA'],"[ClassInstructor(name='Amper, Leslie R.', link='https://wheatoncollege.edu/academics/faculty-directory/Leslie-Amper/')]",,,,[],https://www.bkstr.com/webapp/wcs/stores/servlet/booklookServlet?bookstore_id-1=525&term_id-1=Spring+2015&div-1=&dept-1=MUSP&course-1=104&section-1=B01,"SeatInfo(max='Max Enroll: 1', taken='Max Enroll: 1', avail='Max Enroll: 1', wait_list='Max Enroll: 1')",Prerequisite: MUSP 103 and MUSC 115. ,
392,MUSP,"ClassNumber(num='MUSP-201 B01', link='https://weblprod1.wheatonma.edu/PROD/bzcrschd.P_ViewCourseDescription?term_in=201520&subj_code_in=MUSP&crse_numb_in=201&crn_in=10705&seq_numb_in=B01')","ClassExam(letter='J.', link='https://weblprod1.wheatonma.edu/PROD/bzcrschd.P_DispExamInfo?exam_code=J.&course=MUSP-201 B01&term_code=201520&term_desc=Spring 2015&crn=10705')",Performance Study:  Guitar,10705,['TBA'],['Location info TBA'],"[ClassInstructor(name='Cashen, Jeffrey A.', link='https://wheatoncollege.edu/academics/faculty-directory/Jeffrey-Cashen/')]",,,,[],https://www.bkstr.com/webapp/wcs/stores/servlet/booklookServlet?bookstore_id-1=525&term_id-1=Spring+2015&div-1=&dept-1=MUSP&course-1=201&section-1=B01,"SeatInfo(max='Max Enroll: 1', taken='Max Enroll: 1', avail='Max Enroll: 1', wait_list='Max Enroll: 1')",,
393,MUSP,"ClassNumber(num='MUSP-202 B01', link='https://weblprod1.wheatonma.edu/PROD/bzcrschd.P_ViewCourseDescription?term_in=201520&subj_code_in=MUSP&crse_numb_in=202&crn_in=10699&seq_numb_in=B01')","ClassExam(letter='J.', link='https://weblprod1.wheatonma.edu/PROD/bzcrschd.P_DispExamInfo?exam_code=J.&course=MUSP-202 B01&term_code=201520&term_desc=Spring 2015&crn=10699')",Performance Study:  Piano,10699,['TBA'],['Location info TBA'],"[ClassInstructor(name='Romanul, Lisa K.', link='https://wheatoncollege.edu/academics/faculty-directory/Lisa-Romanul/')]",,,,[],https://www.bkstr.com/webapp/wcs/stores/servlet/booklookServlet?bookstore_id-1=525&term_id-1=Spring+2015&div-1=&dept-1=MUSP&course-1=202&section-1=B01,"SeatInfo(max='Max Enroll: 1', taken='Max Enroll: 1', avail='Max Enroll: 1', wait_list='Max Enroll: 1')",Prerequisite: MUSP 201 And MUSC 114 or MUSC 115 or any 200-level MUSC. ,
394,MUSP,"ClassNumber(num='MUSP-202 B02', link='https://weblprod1.wheatonma.edu/PROD/bzcrschd.P_ViewCourseDescription?term_in=201520&subj_code_in=MUSP&crse_numb_in=202&crn_in=10706&seq_numb_in=B02')","ClassExam(letter='J.', link='https://weblprod1.wheatonma.edu/PROD/bzcrschd.P_DispExamInfo?exam_code=J.&course=MUSP-202 B02&term_code=201520&term_desc=Spring 2015&crn=10706')",Performance Study:  Guitar,10706,['TBA'],['Location info TBA'],"[ClassInstructor(name='Cashen, Jeffrey A.', link='https://wheatoncollege.edu/academics/faculty-directory/Jeffrey-Cashen/')]",,,,[],https://www.bkstr.com/webapp/wcs/stores/servlet/booklookServlet?bookstore_id-1=525&term_id-1=Spring+2015&div-1=&dept-1=MUSP&course-1=202&section-1=B02,"SeatInfo(max='Max Enroll: 1', taken='Max Enroll: 1', avail='Max Enroll: 1', wait_list='Max Enroll: 1')",Prerequisite: MUSP 201 And MUSC 114 or MUSC 115 or any 200-level MUSC. ,
395,MUSP,"ClassNumber(num='MUSP-203 B01', link='https://weblprod1.wheatonma.edu/PROD/bzcrschd.P_ViewCourseDescription?term_in=201520&subj_code_in=MUSP&crse_numb_in=203&crn_in=10690&seq_numb_in=B01')","ClassExam(letter='J.', link='https://weblprod1.wheatonma.edu/PROD/bzcrschd.P_DispExamInfo?exam_code=J.&course=MUSP-203 B01&term_code=201520&term_desc=Spring 2015&crn=10690')",Performance Study:  Cello,10690,['TBA'],['Location info TBA'],"[ClassInstructor(name='Irkaeva, Zarina S.', link='https://wheatoncollege.edu/academics/faculty-directory/Zarina-Irkaeva/')]",,,,[],https://www.bkstr.com/webapp/wcs/stores/servlet/booklookServlet?bookstore_id-1=525&term_id-1=Spring+2015&div-1=&dept-1=MUSP&course-1=203&section-1=B01,"SeatInfo(max='Max Enroll: 1', taken='Max Enroll: 1', avail='Max Enroll: 1', wait_list='Max Enroll: 1')",Prerequisite: MUSP 202. ,
396,MUSP,"ClassNumber(num='MUSP-203 B02', link='https://weblprod1.wheatonma.edu/PROD/bzcrschd.P_ViewCourseDescription?term_in=201520&subj_code_in=MUSP&crse_numb_in=203&crn_in=10700&seq_numb_in=B02')","ClassExam(letter='J.', link='https://weblprod1.wheatonma.edu/PROD/bzcrschd.P_DispExamInfo?exam_code=J.&course=MUSP-203 B02&term_code=201520&term_desc=Spring 2015&crn=10700')",Performance Study:  Piano,10700,['TBA'],['Location info TBA'],"[ClassInstructor(name='Romanul, Lisa K.', link='https://wheatoncollege.edu/academics/faculty-directory/Lisa-Romanul/')]",,,,[],https://www.bkstr.com/webapp/wcs/stores/servlet/booklookServlet?bookstore_id-1=525&term_id-1=Spring+2015&div-1=&dept-1=MUSP&course-1=203&section-1=B02,"SeatInfo(max='Max Enroll: 1', taken='Max Enroll: 1', avail='Max Enroll: 1', wait_list='Max Enroll: 1')",Prerequisite: MUSP 202. ,
397,MUSP,"ClassNumber(num='MUSP-203 B03', link='https://weblprod1.wheatonma.edu/PROD/bzcrschd.P_ViewCourseDescription?term_in=201520&subj_code_in=MUSP&crse_numb_in=203&crn_in=10707&seq_numb_in=B03')","ClassExam(letter='J.', link='https://weblprod1.wheatonma.edu/PROD/bzcrschd.P_DispExamInfo?exam_code=J.&course=MUSP-203 B03&term_code=201520&term_desc=Spring 2015&crn=10707')",Performance Study:  Guitar,10707,['TBA'],['Location info TBA'],"[ClassInstructor(name='Cashen, Jeffrey A.', link='https://wheatoncollege.edu/academics/faculty-directory/Jeffrey-Cashen/')]",,,,[],https://www.bkstr.com/webapp/wcs/stores/servlet/booklookServlet?bookstore_id-1=525&term_id-1=Spring+2015&div-1=&dept-1=MUSP&course-1=203&section-1=B03,"SeatInfo(max='Max Enroll: 1', taken='Max Enroll: 1', avail='Max Enroll: 1', wait_list='Max Enroll: 1')",Prerequisite: MUSP 202. ,
398,MUSP,"ClassNumber(num='MUSP-203 B04', link='https://weblprod1.wheatonma.edu/PROD/bzcrschd.P_ViewCourseDescription?term_in=201520&subj_code_in=MUSP&crse_numb_in=203&crn_in=10719&seq_numb_in=B04')","ClassExam(letter='J.', link='https://weblprod1.wheatonma.edu/PROD/bzcrschd.P_DispExamInfo?exam_code=J.&course=MUSP-203 B04&term_code=201520&term_desc=Spring 2015&crn=10719')",Performance Study:  Voice,10719,['TBA'],['Location info TBA'],"[ClassInstructor(name='Mouradjian, Joanne', link='https://wheatoncollege.edu/academics/faculty-directory/Joanne-Mouradjian/')]",,,,[],https://www.bkstr.com/webapp/wcs/stores/servlet/booklookServlet?bookstore_id-1=525&term_id-1=Spring+2015&div-1=&dept-1=MUSP&course-1=203&section-1=B04,"SeatInfo(max='Max Enroll: 2', taken='Max Enroll: 2', avail='Max Enroll: 2', wait_list='Max Enroll: 2')",Prerequisite: MUSP 202. ,
399,MUSP,"ClassNumber(num='MUSP-203 B05', link='https://weblprod1.wheatonma.edu/PROD/bzcrschd.P_ViewCourseDescription?term_in=201520&subj_code_in=MUSP&crse_numb_in=203&crn_in=10750&seq_numb_in=B05')","ClassExam(letter='', link='')",Performance Study: Guitar,10750,['TBA'],['Location info TBA'],"[ClassInstructor(name='Cashen, Jeffrey A.', link='https://wheatoncollege.edu/academics/faculty-directory/Jeffrey-Cashen/')]",,,,[],https://www.bkstr.com/webapp/wcs/stores/servlet/booklookServlet?bookstore_id-1=525&term_id-1=Spring+2015&div-1=&dept-1=MUSP&course-1=203&section-1=B05,"SeatInfo(max='Max Enroll: 0', taken='Max Enroll: 0', avail='Max Enroll: 0', wait_list='Max Enroll: 0')",Prerequisite: MUSP 202. ,
400,MUSP,"ClassNumber(num='MUSP-204 B01', link='https://weblprod1.wheatonma.edu/PROD/bzcrschd.P_ViewCourseDescription?term_in=201520&subj_code_in=MUSP&crse_numb_in=204&crn_in=10687&seq_numb_in=B01')","ClassExam(letter='J.', link='https://weblprod1.wheatonma.edu/PROD/bzcrschd.P_DispExamInfo?exam_code=J.&course=MUSP-204 B01&term_code=201520&term_desc=Spring 2015&crn=10687')",Performance Study:  Flute,10687,['TBA'],['Location info TBA'],"[ClassInstructor(name='Curran, John', link='https://wheatoncollege.edu/academics/faculty-directory/John-Curran/')]",,,,[],https://www.bkstr.com/webapp/wcs/stores/servlet/booklookServlet?bookstore_id-1=525&term_id-1=Spring+2015&div-1=&dept-1=MUSP&course-1=204&section-1=B01,"SeatInfo(max='Max Enroll: 1', taken='Max Enroll: 1', avail='Max Enroll: 1', wait_list='Max Enroll: 1')",Prerequisite: MUSP 203 and MUSC 115. ,
401,MUSP,"ClassNumber(num='MUSP-204 B02', link='https://weblprod1.wheatonma.edu/PROD/bzcrschd.P_ViewCourseDescription?term_in=201520&subj_code_in=MUSP&crse_numb_in=204&crn_in=10720&seq_numb_in=B02')","ClassExam(letter='J.', link='https://weblprod1.wheatonma.edu/PROD/bzcrschd.P_DispExamInfo?exam_code=J.&course=MUSP-204 B02&term_code=201520&term_desc=Spring 2015&crn=10720')",Performance Study:  Voice,10720,['TBA'],['Location info TBA'],"[ClassInstructor(name='Mouradjian, Joanne', link='https://wheatoncollege.edu/academics/faculty-directory/Joanne-Mouradjian/')]",,,,[],https://www.bkstr.com/webapp/wcs/stores/servlet/booklookServlet?bookstore_id-1=525&term_id-1=Spring+2015&div-1=&dept-1=MUSP&course-1=204&section-1=B02,"SeatInfo(max='Max Enroll: 1', taken='Max Enroll: 1', avail='Max Enroll: 1', wait_list='Max Enroll: 1')",Prerequisite: MUSP 203 and MUSC 115. ,
402,MUSP,"ClassNumber(num='MUSP-205 B01', link='https://weblprod1.wheatonma.edu/PROD/bzcrschd.P_ViewCourseDescription?term_in=201520&subj_code_in=MUSP&crse_numb_in=205&crn_in=10714&seq_numb_in=B01')","ClassExam(letter='J.', link='https://weblprod1.wheatonma.edu/PROD/bzcrschd.P_DispExamInfo?exam_code=J.&course=MUSP-205 B01&term_code=201520&term_desc=Spring 2015&crn=10714')",Performance Study:  Trumpet,10714,['TBA'],['Location info TBA'],"[ClassInstructor(name='Raney, Jr., Earl', link='https://wheatoncollege.edu/academics/faculty-directory/earl-raney/')]",,,,[],https://www.bkstr.com/webapp/wcs/stores/servlet/booklookServlet?bookstore_id-1=525&term_id-1=Spring+2015&div-1=&dept-1=MUSP&course-1=205&section-1=B01,"SeatInfo(max='Max Enroll: 1', taken='Max Enroll: 1', avail='Max Enroll: 1', wait_list='Max Enroll: 1')",Prerequisite: MUSP 204. ,
403,MUSP,"ClassNumber(num='MUSP-301 B', link='https://weblprod1.wheatonma.edu/PROD/bzcrschd.P_ViewCourseDescription?term_in=201520&subj_code_in=MUSP&crse_numb_in=301&crn_in=10739&seq_numb_in=B')","ClassExam(letter='J.', link='https://weblprod1.wheatonma.edu/PROD/bzcrschd.P_DispExamInfo?exam_code=J.&course=MUSP-301 B&term_code=201520&term_desc=Spring 2015&crn=10739')",Performance Study: Conducting,10739,['TBA'],['Location info TBA'],"[ClassInstructor(name='Harbold, Timothy T.', link='https://wheatoncollege.edu/academics/faculty-directory/tim-harbold/')]",,,,[],https://www.bkstr.com/webapp/wcs/stores/servlet/booklookServlet?bookstore_id-1=525&term_id-1=Spring+2015&div-1=&dept-1=MUSP&course-1=301&section-1=B,"SeatInfo(max='Max Enroll: 1', taken='Max Enroll: 1', avail='Max Enroll: 1', wait_list='Max Enroll: 1')",,
404,MUSP,"ClassNumber(num='MUSP-301 B01', link='https://weblprod1.wheatonma.edu/PROD/bzcrschd.P_ViewCourseDescription?term_in=201520&subj_code_in=MUSP&crse_numb_in=301&crn_in=10715&seq_numb_in=B01')","ClassExam(letter='J.', link='https://weblprod1.wheatonma.edu/PROD/bzcrschd.P_DispExamInfo?exam_code=J.&course=MUSP-301 B01&term_code=201520&term_desc=Spring 2015&crn=10715')",Performance Study:  Trumpet,10715,['TBA'],['Location info TBA'],"[ClassInstructor(name='Raney, Jr., Earl', link='https://wheatoncollege.edu/academics/faculty-directory/earl-raney/')]",,,,[],https://www.bkstr.com/webapp/wcs/stores/servlet/booklookServlet?bookstore_id-1=525&term_id-1=Spring+2015&div-1=&dept-1=MUSP&course-1=301&section-1=B01,"SeatInfo(max='Max Enroll: 1', taken='Max Enroll: 1', avail='Max Enroll: 1', wait_list='Max Enroll: 1')",,
405,MUSP,"ClassNumber(num='MUSP-303 B01', link='https://weblprod1.wheatonma.edu/PROD/bzcrschd.P_ViewCourseDescription?term_in=201520&subj_code_in=MUSP&crse_numb_in=303&crn_in=10701&seq_numb_in=B01')","ClassExam(letter='J.', link='https://weblprod1.wheatonma.edu/PROD/bzcrschd.P_DispExamInfo?exam_code=J.&course=MUSP-303 B01&term_code=201520&term_desc=Spring 2015&crn=10701')",Performance Study:  Piano,10701,['TBA'],['Location info TBA'],"[ClassInstructor(name='Romanul, Lisa K.', link='https://wheatoncollege.edu/academics/faculty-directory/Lisa-Romanul/')]",,,,[],https://www.bkstr.com/webapp/wcs/stores/servlet/booklookServlet?bookstore_id-1=525&term_id-1=Spring+2015&div-1=&dept-1=MUSP&course-1=303&section-1=B01,"SeatInfo(max='Max Enroll: 1', taken='Max Enroll: 1', avail='Max Enroll: 1', wait_list='Max Enroll: 1')",Prerequisite: MUSP 302. ,
406,MUSP,"ClassNumber(num='MUSP-304 B01', link='https://weblprod1.wheatonma.edu/PROD/bzcrschd.P_ViewCourseDescription?term_in=201520&subj_code_in=MUSP&crse_numb_in=304&crn_in=10693&seq_numb_in=B01')","ClassExam(letter='J.', link='https://weblprod1.wheatonma.edu/PROD/bzcrschd.P_DispExamInfo?exam_code=J.&course=MUSP-304 B01&term_code=201520&term_desc=Spring 2015&crn=10693')",Performance Study:  Violin,10693,['TBA'],['Location info TBA'],"[ClassInstructor(name='Falls-Keohane, Sheila E.', link='https://wheatoncollege.edu/academics/faculty-directory/Sheila-Falls-Keohane/')]",,,,[],https://www.bkstr.com/webapp/wcs/stores/servlet/booklookServlet?bookstore_id-1=525&term_id-1=Spring+2015&div-1=&dept-1=MUSP&course-1=304&section-1=B01,"SeatInfo(max='Max Enroll: 1', taken='Max Enroll: 1', avail='Max Enroll: 1', wait_list='Max Enroll: 1')",Prerequisite: MUSP 303 and MUSC 115. ,
407,MUSP,"ClassNumber(num='MUSP-304 B02', link='https://weblprod1.wheatonma.edu/PROD/bzcrschd.P_ViewCourseDescription?term_in=201520&subj_code_in=MUSP&crse_numb_in=304&crn_in=10702&seq_numb_in=B02')","ClassExam(letter='J.', link='https://weblprod1.wheatonma.edu/PROD/bzcrschd.P_DispExamInfo?exam_code=J.&course=MUSP-304 B02&term_code=201520&term_desc=Spring 2015&crn=10702')",Performance Study:  Piano,10702,['TBA'],['Location info TBA'],"[ClassInstructor(name='Romanul, Lisa K.', link='https://wheatoncollege.edu/academics/faculty-directory/Lisa-Romanul/')]",,,,[],https://www.bkstr.com/webapp/wcs/stores/servlet/booklookServlet?bookstore_id-1=525&term_id-1=Spring+2015&div-1=&dept-1=MUSP&course-1=304&section-1=B02,"SeatInfo(max='Max Enroll: 1', taken='Max Enroll: 1', avail='Max Enroll: 1', wait_list='Max Enroll: 1')",Prerequisite: MUSP 303 and MUSC 115. ,
408,MUSP,"ClassNumber(num='MUSP-305 B01', link='https://weblprod1.wheatonma.edu/PROD/bzcrschd.P_ViewCourseDescription?term_in=201520&subj_code_in=MUSP&crse_numb_in=305&crn_in=10703&seq_numb_in=B01')","ClassExam(letter='J.', link='https://weblprod1.wheatonma.edu/PROD/bzcrschd.P_DispExamInfo?exam_code=J.&course=MUSP-305 B01&term_code=201520&term_desc=Spring 2015&crn=10703')",Performance Study:  Piano,10703,['TBA'],['Location info TBA'],"[ClassInstructor(name='Sears, Elizabeth A.', link='https://wheatoncollege.edu/academics/faculty-directory/ann-sears/')]",,,,[],https://www.bkstr.com/webapp/wcs/stores/servlet/booklookServlet?bookstore_id-1=525&term_id-1=Spring+2015&div-1=&dept-1=MUSP&course-1=305&section-1=B01,"SeatInfo(max='Max Enroll: 1', taken='Max Enroll: 1', avail='Max Enroll: 1', wait_list='Max Enroll: 1')",Prerequisite: MUSP 304. ,
409,MUSP,"ClassNumber(num='MUSP-305 B02', link='https://weblprod1.wheatonma.edu/PROD/bzcrschd.P_ViewCourseDescription?term_in=201520&subj_code_in=MUSP&crse_numb_in=305&crn_in=10708&seq_numb_in=B02')","ClassExam(letter='J.', link='https://weblprod1.wheatonma.edu/PROD/bzcrschd.P_DispExamInfo?exam_code=J.&course=MUSP-305 B02&term_code=201520&term_desc=Spring 2015&crn=10708')",Performance Study:  Guitar,10708,['TBA'],['Location info TBA'],"[ClassInstructor(name='Cashen, Jeffrey A.', link='https://wheatoncollege.edu/academics/faculty-directory/Jeffrey-Cashen/')]",,,,[],https://www.bkstr.com/webapp/wcs/stores/servlet/booklookServlet?bookstore_id-1=525&term_id-1=Spring+2015&div-1=&dept-1=MUSP&course-1=305&section-1=B02,"SeatInfo(max='Max Enroll: 1', taken='Max Enroll: 1', avail='Max Enroll: 1', wait_list='Max Enroll: 1')",Prerequisite: MUSP 304. ,
410,MUSP,"ClassNumber(num='MUSP-305 B03', link='https://weblprod1.wheatonma.edu/PROD/bzcrschd.P_ViewCourseDescription?term_in=201520&subj_code_in=MUSP&crse_numb_in=305&crn_in=10743&seq_numb_in=B03')","ClassExam(letter='', link='')",Performance Study: Flute,10743,['TBA'],['Location info TBA'],"[ClassInstructor(name='Curran, John', link='https://wheatoncollege.edu/academics/faculty-directory/John-Curran/')]",,,,[],https://www.bkstr.com/webapp/wcs/stores/servlet/booklookServlet?bookstore_id-1=525&term_id-1=Spring+2015&div-1=&dept-1=MUSP&course-1=305&section-1=B03,"SeatInfo(max='Max Enroll: 1', taken='Max Enroll: 1', avail='Max Enroll: 1', wait_list='Max Enroll: 1')",Prerequisite: MUSP 304. ,
411,MUSP,"ClassNumber(num='MUSP-306 B01', link='https://weblprod1.wheatonma.edu/PROD/bzcrschd.P_ViewCourseDescription?term_in=201520&subj_code_in=MUSP&crse_numb_in=306&crn_in=10691&seq_numb_in=B01')","ClassExam(letter='J.', link='https://weblprod1.wheatonma.edu/PROD/bzcrschd.P_DispExamInfo?exam_code=J.&course=MUSP-306 B01&term_code=201520&term_desc=Spring 2015&crn=10691')",Performance Study:  Cello,10691,['TBA'],['Location info TBA'],"[ClassInstructor(name='Irkaeva, Zarina S.', link='https://wheatoncollege.edu/academics/faculty-directory/Zarina-Irkaeva/')]",,,,[],https://www.bkstr.com/webapp/wcs/stores/servlet/booklookServlet?bookstore_id-1=525&term_id-1=Spring+2015&div-1=&dept-1=MUSP&course-1=306&section-1=B01,"SeatInfo(max='Max Enroll: 1', taken='Max Enroll: 1', avail='Max Enroll: 1', wait_list='Max Enroll: 1')",Prerequisite: MUSP 305 and MUSC 115 and any 200-level MUSC. ,
412,MUSP,"ClassNumber(num='MUSP-306 B02', link='https://weblprod1.wheatonma.edu/PROD/bzcrschd.P_ViewCourseDescription?term_in=201520&subj_code_in=MUSP&crse_numb_in=306&crn_in=10694&seq_numb_in=B02')","ClassExam(letter='J.', link='https://weblprod1.wheatonma.edu/PROD/bzcrschd.P_DispExamInfo?exam_code=J.&course=MUSP-306 B02&term_code=201520&term_desc=Spring 2015&crn=10694')",Performance Study:  Violin,10694,['TBA'],['Location info TBA'],"[ClassInstructor(name='Falls-Keohane, Sheila E.', link='https://wheatoncollege.edu/academics/faculty-directory/Sheila-Falls-Keohane/')]",,,,[],https://www.bkstr.com/webapp/wcs/stores/servlet/booklookServlet?bookstore_id-1=525&term_id-1=Spring+2015&div-1=&dept-1=MUSP&course-1=306&section-1=B02,"SeatInfo(max='Max Enroll: 1', taken='Max Enroll: 1', avail='Max Enroll: 1', wait_list='Max Enroll: 1')",Prerequisite: MUSP 305 and MUSC 115 and any 200-level MUSC. ,
413,MUSP,"ClassNumber(num='MUSP-306 B03', link='https://weblprod1.wheatonma.edu/PROD/bzcrschd.P_ViewCourseDescription?term_in=201520&subj_code_in=MUSP&crse_numb_in=306&crn_in=10721&seq_numb_in=B03')","ClassExam(letter='J.', link='https://weblprod1.wheatonma.edu/PROD/bzcrschd.P_DispExamInfo?exam_code=J.&course=MUSP-306 B03&term_code=201520&term_desc=Spring 2015&crn=10721')",Performance Study:  Voice,10721,['TBA'],['Location info TBA'],"[ClassInstructor(name='Mouradjian, Joanne', link='https://wheatoncollege.edu/academics/faculty-directory/Joanne-Mouradjian/')]",,,,[],https://www.bkstr.com/webapp/wcs/stores/servlet/booklookServlet?bookstore_id-1=525&term_id-1=Spring+2015&div-1=&dept-1=MUSP&course-1=306&section-1=B03,"SeatInfo(max='Max Enroll: 1', taken='Max Enroll: 1', avail='Max Enroll: 1', wait_list='Max Enroll: 1')",Prerequisite: MUSP 305 and MUSC 115 and any 200-level MUSC. ,
414,MUSP,"ClassNumber(num='MUSP-306 B04', link='https://weblprod1.wheatonma.edu/PROD/bzcrschd.P_ViewCourseDescription?term_in=201520&subj_code_in=MUSP&crse_numb_in=306&crn_in=10722&seq_numb_in=B04')","ClassExam(letter='J.', link='https://weblprod1.wheatonma.edu/PROD/bzcrschd.P_DispExamInfo?exam_code=J.&course=MUSP-306 B04&term_code=201520&term_desc=Spring 2015&crn=10722')",Performance Study:  Oboe,10722,['TBA'],['Location info TBA'],"[ClassInstructor(name='Bishkoff, Cheryl P.', link='https://wheatoncollege.edu/academics/faculty-directory/Cheryl-Bishkoff/')]",,,,[],https://www.bkstr.com/webapp/wcs/stores/servlet/booklookServlet?bookstore_id-1=525&term_id-1=Spring+2015&div-1=&dept-1=MUSP&course-1=306&section-1=B04,"SeatInfo(max='Max Enroll: 1', taken='Max Enroll: 1', avail='Max Enroll: 1', wait_list='Max Enroll: 1')",Prerequisite: MUSP 305 and MUSC 115 and any 200-level MUSC. ,
415,MUSP,"ClassNumber(num='MUSP-307 B01', link='https://weblprod1.wheatonma.edu/PROD/bzcrschd.P_ViewCourseDescription?term_in=201520&subj_code_in=MUSP&crse_numb_in=307&crn_in=10709&seq_numb_in=B01')","ClassExam(letter='J.', link='https://weblprod1.wheatonma.edu/PROD/bzcrschd.P_DispExamInfo?exam_code=J.&course=MUSP-307 B01&term_code=201520&term_desc=Spring 2015&crn=10709')",Performance Study:  Guitar,10709,['TBA'],['Location info TBA'],"[ClassInstructor(name='Cashen, Jeffrey A.', link='https://wheatoncollege.edu/academics/faculty-directory/Jeffrey-Cashen/')]",,,,[],https://www.bkstr.com/webapp/wcs/stores/servlet/booklookServlet?bookstore_id-1=525&term_id-1=Spring+2015&div-1=&dept-1=MUSP&course-1=307&section-1=B01,"SeatInfo(max='Max Enroll: 2', taken='Max Enroll: 2', avail='Max Enroll: 2', wait_list='Max Enroll: 2')",Prerequisite: MUSP 306. ,
416,MUSP,"ClassNumber(num='MUSP-404 B01', link='https://weblprod1.wheatonma.edu/PROD/bzcrschd.P_ViewCourseDescription?term_in=201520&subj_code_in=MUSP&crse_numb_in=404&crn_in=10710&seq_numb_in=B01')","ClassExam(letter='J.', link='https://weblprod1.wheatonma.edu/PROD/bzcrschd.P_DispExamInfo?exam_code=J.&course=MUSP-404 B01&term_code=201520&term_desc=Spring 2015&crn=10710')",Performance Study:  Guitar,10710,['TBA'],['Location info TBA'],"[ClassInstructor(name='Cashen, Jeffrey A.', link='https://wheatoncollege.edu/academics/faculty-directory/Jeffrey-Cashen/')]",,,,[],https://www.bkstr.com/webapp/wcs/stores/servlet/booklookServlet?bookstore_id-1=525&term_id-1=Spring+2015&div-1=&dept-1=MUSP&course-1=404&section-1=B01,"SeatInfo(max='Max Enroll: 1', taken='Max Enroll: 1', avail='Max Enroll: 1', wait_list='Max Enroll: 1')",Prerequisite: MUSP 403 and MUSC 115. ,
417,MUSP,"ClassNumber(num='MUSP-406 B01', link='https://weblprod1.wheatonma.edu/PROD/bzcrschd.P_ViewCourseDescription?term_in=201520&subj_code_in=MUSP&crse_numb_in=406&crn_in=10711&seq_numb_in=B01')","ClassExam(letter='J.', link='https://weblprod1.wheatonma.edu/PROD/bzcrschd.P_DispExamInfo?exam_code=J.&course=MUSP-406 B01&term_code=201520&term_desc=Spring 2015&crn=10711')",Performance Study:  Guitar,10711,['TBA'],['Location info TBA'],"[ClassInstructor(name='Cashen, Jeffrey A.', link='https://wheatoncollege.edu/academics/faculty-directory/Jeffrey-Cashen/')]",,,,[],https://www.bkstr.com/webapp/wcs/stores/servlet/booklookServlet?bookstore_id-1=525&term_id-1=Spring+2015&div-1=&dept-1=MUSP&course-1=406&section-1=B01,"SeatInfo(max='Max Enroll: 1', taken='Max Enroll: 1', avail='Max Enroll: 1', wait_list='Max Enroll: 1')",Prerequisite: MUSP 405 and MUSC 115 and any 200-level MUSC. ,
418,MUSP,"ClassNumber(num='MUSP-407 B01', link='https://weblprod1.wheatonma.edu/PROD/bzcrschd.P_ViewCourseDescription?term_in=201520&subj_code_in=MUSP&crse_numb_in=407&crn_in=10712&seq_numb_in=B01')","ClassExam(letter='J.', link='https://weblprod1.wheatonma.edu/PROD/bzcrschd.P_DispExamInfo?exam_code=J.&course=MUSP-407 B01&term_code=201520&term_desc=Spring 2015&crn=10712')",Performance Study:  Guitar,10712,['TBA'],['Location info TBA'],"[ClassInstructor(name='Cashen, Jeffrey A.', link='https://wheatoncollege.edu/academics/faculty-directory/Jeffrey-Cashen/')]",,,,[],https://www.bkstr.com/webapp/wcs/stores/servlet/booklookServlet?bookstore_id-1=525&term_id-1=Spring+2015&div-1=&dept-1=MUSP&course-1=407&section-1=B01,"SeatInfo(max='Max Enroll: 1', taken='Max Enroll: 1', avail='Max Enroll: 1', wait_list='Max Enroll: 1')",Prerequisite: MUSP 406. ,
419,MUSP,"ClassNumber(num='MUSP-407 B02', link='https://weblprod1.wheatonma.edu/PROD/bzcrschd.P_ViewCourseDescription?term_in=201520&subj_code_in=MUSP&crse_numb_in=407&crn_in=10716&seq_numb_in=B02')","ClassExam(letter='J.', link='https://weblprod1.wheatonma.edu/PROD/bzcrschd.P_DispExamInfo?exam_code=J.&course=MUSP-407 B02&term_code=201520&term_desc=Spring 2015&crn=10716')",Performance Study:  Trumpet,10716,['TBA'],['Location info TBA'],"[ClassInstructor(name='Raney, Jr., Earl', link='https://wheatoncollege.edu/academics/faculty-directory/earl-raney/')]",,,,[],https://www.bkstr.com/webapp/wcs/stores/servlet/booklookServlet?bookstore_id-1=525&term_id-1=Spring+2015&div-1=&dept-1=MUSP&course-1=407&section-1=B02,"SeatInfo(max='Max Enroll: 1', taken='Max Enroll: 1', avail='Max Enroll: 1', wait_list='Max Enroll: 1')",Prerequisite: MUSP 406. ,
420,NEUR,"ClassNumber(num='NEUR-399 B01', link='https://weblprod1.wheatonma.edu/PROD/bzcrschd.P_ViewCourseDescription?term_in=201520&subj_code_in=NEUR&crse_numb_in=399&crn_in=10609&seq_numb_in=B01')","ClassExam(letter='J.', link='https://weblprod1.wheatonma.edu/PROD/bzcrschd.P_DispExamInfo?exam_code=J.&course=NEUR-399 B01&term_code=201520&term_desc=Spring 2015&crn=10609')",Independent Study,10609,['TBA'],['Location info TBA'],"[ClassInstructor(name='Reiss, Jason E.', link='https://wheatoncollege.edu/academics/faculty-directory/Jason-Reiss/')]",,,,[],https://www.bkstr.com/webapp/wcs/stores/servlet/booklookServlet?bookstore_id-1=525&term_id-1=Spring+2015&div-1=&dept-1=NEUR&course-1=399&section-1=B01,"SeatInfo(max='Max Enroll: 3', taken='Max Enroll: 3', avail='Max Enroll: 3', wait_list='Max Enroll: 3')",Permission of Instructor. ,
421,PHIL,"ClassNumber(num='PHIL-101 B', link='https://weblprod1.wheatonma.edu/PROD/bzcrschd.P_ViewCourseDescription?term_in=201520&subj_code_in=PHIL&crse_numb_in=101&crn_in=10498&seq_numb_in=B')","ClassExam(letter='N.', link='https://weblprod1.wheatonma.edu/PROD/bzcrschd.P_DispExamInfo?exam_code=N.&course=PHIL-101 B&term_code=201520&term_desc=Spring 2015&crn=10498')",Introduction to Philosophy,10498,['T R 11:00 AM - 12:20 PM'],['Watson Fine Arts Center 102'],"[ClassInstructor(name='Smith, Michael J.', link='https://wheatoncollege.edu/academics/faculty-directory/Michael-Smith/')]",,DVAH,ARHM,[],https://www.bkstr.com/webapp/wcs/stores/servlet/booklookServlet?bookstore_id-1=525&term_id-1=Spring+2015&div-1=&dept-1=PHIL&course-1=101&section-1=B,"SeatInfo(max='Max Enroll: 35', taken='Max Enroll: 35', avail='Max Enroll: 35', wait_list='Max Enroll: 35')",Open to First Year students and Sophomores.  Limited to 35. ,Tuesday Thursday 11:00  - 12:20 
422,PHIL,"ClassNumber(num='PHIL-121 B', link='https://weblprod1.wheatonma.edu/PROD/bzcrschd.P_ViewCourseDescription?term_in=201520&subj_code_in=PHIL&crse_numb_in=121&crn_in=10081&seq_numb_in=B')","ClassExam(letter='R.', link='https://weblprod1.wheatonma.edu/PROD/bzcrschd.P_DispExamInfo?exam_code=R.&course=PHIL-121 B&term_code=201520&term_desc=Spring 2015&crn=10081')",Citizen and Society,10081,['M W 2:00 PM - 3:20 PM'],['Knapton Hall LEC'],"[ClassInstructor(name='Mathis, Stephen E.', link='https://wheatoncollege.edu/academics/faculty-directory/Stephen-Mathis/')]",,DVAH,ARHM,"[ClassConx(num='2092', link='https://weblprod1.wheatonma.edu/PROD/bzcrschd.P_ViewCourseDescription?term_in=201520&subj_code_in=CONX&crse_numb_in=20092&crn_in=&seq_numb_in=')]",https://www.bkstr.com/webapp/wcs/stores/servlet/booklookServlet?bookstore_id-1=525&term_id-1=Spring+2015&div-1=&dept-1=PHIL&course-1=121&section-1=B,"SeatInfo(max='Max Enroll: 40', taken='Max Enroll: 40', avail='Max Enroll: 40', wait_list='Max Enroll: 40')","15 seats reserved for First Year students, 15 seats reserved for Sophomores, 5 seats reserved for Juniors, 5 seats reserved for Seniors. Limited to 40. ",Monday Wednesday 2:00  - 3:20 
423,PHIL,"ClassNumber(num='PHIL-207 B', link='https://weblprod1.wheatonma.edu/PROD/bzcrschd.P_ViewCourseDescription?term_in=201520&subj_code_in=PHIL&crse_numb_in=207&crn_in=10082&seq_numb_in=B')","ClassExam(letter='I.', link='https://weblprod1.wheatonma.edu/PROD/bzcrschd.P_DispExamInfo?exam_code=I.&course=PHIL-207 B&term_code=201520&term_desc=Spring 2015&crn=10082')",Modern Philosophy,10082,['T R 12:30 PM - 1:50 PM'],['Knapton Hall 218'],"[ClassInstructor(name='Kendrick, Nancy E.', link='https://wheatoncollege.edu/academics/faculty-directory/Nancy-Kendrick/')]",,DVAH,ARHM,[],https://www.bkstr.com/webapp/wcs/stores/servlet/booklookServlet?bookstore_id-1=525&term_id-1=Spring+2015&div-1=&dept-1=PHIL&course-1=207&section-1=B,"SeatInfo(max='Max Enroll: 20', taken='Max Enroll: 20', avail='Max Enroll: 20', wait_list='Max Enroll: 20')",Prerequisite: one course in philosophy.  Limited to 20. ,Tuesday Thursday 12:30  - 1:50 
424,PHIL,"ClassNumber(num='PHIL-224 B', link='https://weblprod1.wheatonma.edu/PROD/bzcrschd.P_ViewCourseDescription?term_in=201520&subj_code_in=PHIL&crse_numb_in=224&crn_in=10083&seq_numb_in=B')","ClassExam(letter='O.', link='https://weblprod1.wheatonma.edu/PROD/bzcrschd.P_DispExamInfo?exam_code=O.&course=PHIL-224 B&term_code=201520&term_desc=Spring 2015&crn=10083')",Minds and Machines,10083,['T R 2:00 PM - 3:20 PM'],['Knapton Hall 218'],"[ClassInstructor(name='Kendrick, Nancy E.', link='https://wheatoncollege.edu/academics/faculty-directory/Nancy-Kendrick/')]",,DVAH,ARHM,[],https://www.bkstr.com/webapp/wcs/stores/servlet/booklookServlet?bookstore_id-1=525&term_id-1=Spring+2015&div-1=&dept-1=PHIL&course-1=224&section-1=B,"SeatInfo(max='Max Enroll: 30', taken='Max Enroll: 30', avail='Max Enroll: 30', wait_list='Max Enroll: 30')","Open to Sophomores, Juniors and Seniors.  Limited to 30. ",Tuesday Thursday 2:00  - 3:20 
425,PHIL,"ClassNumber(num='PHIL-255 B', link='https://weblprod1.wheatonma.edu/PROD/bzcrschd.P_ViewCourseDescription?term_in=201520&subj_code_in=PHIL&crse_numb_in=255&crn_in=10423&seq_numb_in=B')","ClassExam(letter='R.', link='https://weblprod1.wheatonma.edu/PROD/bzcrschd.P_DispExamInfo?exam_code=R.&course=PHIL-255 B&term_code=201520&term_desc=Spring 2015&crn=10423')","Feminism, Philosophy & Law",10423,['M W F 9:30 AM - 10:20 AM'],['Knapton Hall 214'],"[ClassInstructor(name='Mathis, Stephen E.', link='https://wheatoncollege.edu/academics/faculty-directory/Stephen-Mathis/')]",,DVAH,ARHM,[],https://www.bkstr.com/webapp/wcs/stores/servlet/booklookServlet?bookstore_id-1=525&term_id-1=Spring+2015&div-1=&dept-1=PHIL&course-1=255&section-1=B,"SeatInfo(max='Max Enroll: 25', taken='Max Enroll: 25', avail='Max Enroll: 25', wait_list='Max Enroll: 25')",Cross-Listed with WGS 250.  Limited to 25. ,Monday Wednesday Friday 9:30  - 10:20 
426,PHIL,"ClassNumber(num='PHIL-265 B', link='https://weblprod1.wheatonma.edu/PROD/bzcrschd.P_ViewCourseDescription?term_in=201520&subj_code_in=PHIL&crse_numb_in=265&crn_in=10085&seq_numb_in=B')","ClassExam(letter='R.', link='https://weblprod1.wheatonma.edu/PROD/bzcrschd.P_DispExamInfo?exam_code=R.&course=PHIL-265 B&term_code=201520&term_desc=Spring 2015&crn=10085')",Philosophy of Law,10085,['M W F 11:30 AM - 12:20 PM'],['Knapton Hall 214'],"[ClassInstructor(name='Mathis, Stephen E.', link='https://wheatoncollege.edu/academics/faculty-directory/Stephen-Mathis/')]",,DVAH,ARHM,"[ClassConx(num='2067', link='https://weblprod1.wheatonma.edu/PROD/bzcrschd.P_ViewCourseDescription?term_in=201520&subj_code_in=CONX&crse_numb_in=20067&crn_in=&seq_numb_in=')]",https://www.bkstr.com/webapp/wcs/stores/servlet/booklookServlet?bookstore_id-1=525&term_id-1=Spring+2015&div-1=&dept-1=PHIL&course-1=265&section-1=B,"SeatInfo(max='Max Enroll: 25', taken='Max Enroll: 25', avail='Max Enroll: 25', wait_list='Max Enroll: 25')",Prerequisite: One Course in Philosophy.  Limited to 25. ,Monday Wednesday Friday 11:30  - 12:20 
427,PHIL,"ClassNumber(num='PHIL-298 B01', link='https://weblprod1.wheatonma.edu/PROD/bzcrschd.P_ViewCourseDescription?term_in=201520&subj_code_in=PHIL&crse_numb_in=298&crn_in=10499&seq_numb_in=B01')","ClassExam(letter='U.', link='https://weblprod1.wheatonma.edu/PROD/bzcrschd.P_DispExamInfo?exam_code=U.&course=PHIL-298 B01&term_code=201520&term_desc=Spring 2015&crn=10499')",Theories of Knowledge,10499,['T R 9:30 AM - 10:50 AM'],['Knapton Hall 315'],"[ClassInstructor(name='Smith, Michael J.', link='https://wheatoncollege.edu/academics/faculty-directory/Michael-Smith/')]",,DVAH,ARHM,[],https://www.bkstr.com/webapp/wcs/stores/servlet/booklookServlet?bookstore_id-1=525&term_id-1=Spring+2015&div-1=&dept-1=PHIL&course-1=298&section-1=B01,"SeatInfo(max='Max Enroll: 20', taken='Max Enroll: 20', avail='Max Enroll: 20', wait_list='Max Enroll: 20')",,Tuesday Thursday 9:30  - 10:50 
428,PHIL,"ClassNumber(num='PHIL-398 B01', link='https://weblprod1.wheatonma.edu/PROD/bzcrschd.P_ViewCourseDescription?term_in=201520&subj_code_in=PHIL&crse_numb_in=398&crn_in=10425&seq_numb_in=B01')","ClassExam(letter='R.', link='https://weblprod1.wheatonma.edu/PROD/bzcrschd.P_DispExamInfo?exam_code=R.&course=PHIL-398 B01&term_code=201520&term_desc=Spring 2015&crn=10425')","Life, Death and Meaning",10425,['T R 11:00 AM - 12:20 PM'],['Meneely Hall 303'],"[ClassInstructor(name='Partridge, John K.', link='https://wheatoncollege.edu/academics/faculty-directory/John-Partridge/')]",,DVAH,ARHM,[],https://www.bkstr.com/webapp/wcs/stores/servlet/booklookServlet?bookstore_id-1=525&term_id-1=Spring+2015&div-1=&dept-1=PHIL&course-1=398&section-1=B01,"SeatInfo(max='Max Enroll: 999', taken='Max Enroll: 999', avail='Max Enroll: 999', wait_list='Max Enroll: 999')",,Tuesday Thursday 11:00  - 12:20 
429,PHIL,"ClassNumber(num='PHIL-399 B', link='https://weblprod1.wheatonma.edu/PROD/bzcrschd.P_ViewCourseDescription?term_in=201520&subj_code_in=PHIL&crse_numb_in=399&crn_in=10738&seq_numb_in=B')","ClassExam(letter='', link='')",Independent Study,10738,['TBA'],['Location info TBA'],"[ClassInstructor(name='Mathis, Stephen E.', link='https://wheatoncollege.edu/academics/faculty-directory/Stephen-Mathis/')]",,DVAH,ARHM,[],https://www.bkstr.com/webapp/wcs/stores/servlet/booklookServlet?bookstore_id-1=525&term_id-1=Spring+2015&div-1=&dept-1=PHIL&course-1=399&section-1=B,"SeatInfo(max='Max Enroll: 1', taken='Max Enroll: 1', avail='Max Enroll: 1', wait_list='Max Enroll: 1')",Permission of Instructor. ,
430,PHIL,"ClassNumber(num='PHIL-401 B', link='https://weblprod1.wheatonma.edu/PROD/bzcrschd.P_ViewCourseDescription?term_in=201520&subj_code_in=PHIL&crse_numb_in=401&crn_in=10087&seq_numb_in=B')","ClassExam(letter='R.', link='https://weblprod1.wheatonma.edu/PROD/bzcrschd.P_DispExamInfo?exam_code=R.&course=PHIL-401 B&term_code=201520&term_desc=Spring 2015&crn=10087')",Advanced Seminar in Philosophy,10087,['W 2:00 PM - 4:50 PM'],['Mars Center-Science/Technology 1124'],"[ClassInstructor(name='Partridge, John K.', link='https://wheatoncollege.edu/academics/faculty-directory/John-Partridge/')]",,DVAH,ARHM,[],https://www.bkstr.com/webapp/wcs/stores/servlet/booklookServlet?bookstore_id-1=525&term_id-1=Spring+2015&div-1=&dept-1=PHIL&course-1=401&section-1=B,"SeatInfo(max='Max Enroll: 999', taken='Max Enroll: 999', avail='Max Enroll: 999', wait_list='Max Enroll: 999')",Required of all Majors in their Senior Year. ,Wednesday 2:00  - 4:50 
431,PHIL,"ClassNumber(num='PHIL-500 C01', link='https://weblprod1.wheatonma.edu/PROD/bzcrschd.P_ViewCourseDescription?term_in=201520&subj_code_in=PHIL&crse_numb_in=500&crn_in=10571&seq_numb_in=C01')","ClassExam(letter='J.', link='https://weblprod1.wheatonma.edu/PROD/bzcrschd.P_DispExamInfo?exam_code=J.&course=PHIL-500 C01&term_code=201520&term_desc=Spring 2015&crn=10571')",Individual Research,10571,['TBA'],['Location info TBA'],"[ClassInstructor(name='Partridge, John K.', link='https://wheatoncollege.edu/academics/faculty-directory/John-Partridge/')]",,DVAH,ARHM,[],https://www.bkstr.com/webapp/wcs/stores/servlet/booklookServlet?bookstore_id-1=525&term_id-1=Spring+2015&div-1=&dept-1=PHIL&course-1=500&section-1=C01,"SeatInfo(max='Max Enroll: 1', taken='Max Enroll: 1', avail='Max Enroll: 1', wait_list='Max Enroll: 1')",,
432,PHIL,"ClassNumber(num='PHIL-500 D01', link='https://weblprod1.wheatonma.edu/PROD/bzcrschd.P_ViewCourseDescription?term_in=201520&subj_code_in=PHIL&crse_numb_in=500&crn_in=10628&seq_numb_in=D01')","ClassExam(letter='J.', link='https://weblprod1.wheatonma.edu/PROD/bzcrschd.P_DispExamInfo?exam_code=J.&course=PHIL-500 D01&term_code=201520&term_desc=Spring 2015&crn=10628')",Individual Research,10628,['TBA'],['Location info TBA'],"[ClassInstructor(name='Partridge, John K.', link='https://wheatoncollege.edu/academics/faculty-directory/John-Partridge/')]",,DVAH,ARHM,[],https://www.bkstr.com/webapp/wcs/stores/servlet/booklookServlet?bookstore_id-1=525&term_id-1=Spring+2015&div-1=&dept-1=PHIL&course-1=500&section-1=D01,"SeatInfo(max='Max Enroll: 1', taken='Max Enroll: 1', avail='Max Enroll: 1', wait_list='Max Enroll: 1')",,
433,PHIL,"ClassNumber(num='PHIL-500 D02', link='https://weblprod1.wheatonma.edu/PROD/bzcrschd.P_ViewCourseDescription?term_in=201520&subj_code_in=PHIL&crse_numb_in=500&crn_in=10669&seq_numb_in=D02')","ClassExam(letter='J.', link='https://weblprod1.wheatonma.edu/PROD/bzcrschd.P_DispExamInfo?exam_code=J.&course=PHIL-500 D02&term_code=201520&term_desc=Spring 2015&crn=10669')",Individual Research,10669,['TBA'],['Location info TBA'],"[ClassInstructor(name='Mathis, Stephen E.', link='https://wheatoncollege.edu/academics/faculty-directory/Stephen-Mathis/')]",,DVAH,ARHM,[],https://www.bkstr.com/webapp/wcs/stores/servlet/booklookServlet?bookstore_id-1=525&term_id-1=Spring+2015&div-1=&dept-1=PHIL&course-1=500&section-1=D02,"SeatInfo(max='Max Enroll: 1', taken='Max Enroll: 1', avail='Max Enroll: 1', wait_list='Max Enroll: 1')",,
434,PHYS,"ClassNumber(num='PHYS-107 B', link='https://weblprod1.wheatonma.edu/PROD/bzcrschd.P_ViewCourseDescription?term_in=201520&subj_code_in=PHYS&crse_numb_in=107&crn_in=10283&seq_numb_in=B')","ClassExam(letter='H.', link='https://weblprod1.wheatonma.edu/PROD/bzcrschd.P_DispExamInfo?exam_code=H.&course=PHYS-107 B&term_code=201520&term_desc=Spring 2015&crn=10283')",The Physics of Music and Sound,10283,['M W 12:30 PM - 1:50 PM'],['Science Center 1343'],"[ClassInstructor(name='Houser, Anthony C.', link='https://wheatoncollege.edu/academics/faculty-directory/Anthony-Houser/')]",,DVNS,ARNS,"[ClassConx(num='2043', link='https://weblprod1.wheatonma.edu/PROD/bzcrschd.P_ViewCourseDescription?term_in=201520&subj_code_in=CONX&crse_numb_in=20043&crn_in=&seq_numb_in=')]",https://www.bkstr.com/webapp/wcs/stores/servlet/booklookServlet?bookstore_id-1=525&term_id-1=Spring+2015&div-1=&dept-1=PHYS&course-1=107&section-1=B,"SeatInfo(max='Max Enroll: 35', taken='Max Enroll: 35', avail='Max Enroll: 35', wait_list='Max Enroll: 35')",Permission of Instructor. ,Monday Wednesday 12:30  - 1:50 
435,PHYS,"ClassNumber(num='PHYS-110 B', link='https://weblprod1.wheatonma.edu/PROD/bzcrschd.P_ViewCourseDescription?term_in=201520&subj_code_in=PHYS&crse_numb_in=110&crn_in=10284&seq_numb_in=B')","ClassExam(letter='E.', link='https://weblprod1.wheatonma.edu/PROD/bzcrschd.P_DispExamInfo?exam_code=E.&course=PHYS-110 B&term_code=201520&term_desc=Spring 2015&crn=10284')",Electronic Circuits,10284,['W 1:00 PM - 4:59 PM'],['Science Center 1341'],"[ClassInstructor(name='Chen, Xuesheng', link='https://wheatoncollege.edu/academics/faculty-directory/Xuesheng-Chen/')]",,DVNS,ARNS,"[ClassConx(num='2003', link='https://weblprod1.wheatonma.edu/PROD/bzcrschd.P_ViewCourseDescription?term_in=201520&subj_code_in=CONX&crse_numb_in=20003&crn_in=&seq_numb_in='), ClassConx(num='2022', link='https://weblprod1.wheatonma.edu/PROD/bzcrschd.P_ViewCourseDescription?term_in=201520&subj_code_in=CONX&crse_numb_in=20022&crn_in=&seq_numb_in=')]",https://www.bkstr.com/webapp/wcs/stores/servlet/booklookServlet?bookstore_id-1=525&term_id-1=Spring+2015&div-1=&dept-1=PHYS&course-1=110&section-1=B,"SeatInfo(max='Max Enroll: 16', taken='Max Enroll: 16', avail='Max Enroll: 16', wait_list='Max Enroll: 16')",No previous work in Physics or Electronics is required. 4 seats reserved for Seniors. 4 seats reserved for Juniors. 3 seats reserved for Sophomores. 3 seats reserved for First Years. 2 seats reserved for physic majors. Limited to 16. ,Wednesday 1:00  - 4:59 
436,PHYS,"ClassNumber(num='PHYS-165 B', link='https://weblprod1.wheatonma.edu/PROD/bzcrschd.P_ViewCourseDescription?term_in=201520&subj_code_in=PHYS&crse_numb_in=165&crn_in=10285&seq_numb_in=B')","ClassExam(letter='K.', link='https://weblprod1.wheatonma.edu/PROD/bzcrschd.P_DispExamInfo?exam_code=K.&course=PHYS-165 B&term_code=201520&term_desc=Spring 2015&crn=10285')","Climate Change, Past & Present",10285,['M W 2:00 PM - 3:20 PM'],['Science Center 1343'],"[ClassInstructor(name='Goodman, Jason C.', link='https://wheatoncollege.edu/academics/faculty-directory/jason-c-goodman/')]",,DVNS,ARNS,"[ClassConx(num='2030', link='https://weblprod1.wheatonma.edu/PROD/bzcrschd.P_ViewCourseDescription?term_in=201520&subj_code_in=CONX&crse_numb_in=20030&crn_in=&seq_numb_in=')]",https://www.bkstr.com/webapp/wcs/stores/servlet/booklookServlet?bookstore_id-1=525&term_id-1=Spring+2015&div-1=&dept-1=PHYS&course-1=165&section-1=B,"SeatInfo(max='Max Enroll: 36', taken='Max Enroll: 36', avail='Max Enroll: 36', wait_list='Max Enroll: 36')",A lab section must be selected with lecture. 5 seats reserved for First-Years. 5 seats reserved for Sophomores. Limited to 36. ,Monday Wednesday 2:00  - 3:20 
437,PHYS,"ClassNumber(num='PHYS-165 L01', link='https://weblprod1.wheatonma.edu/PROD/bzcrschd.P_ViewCourseDescription?term_in=201520&subj_code_in=PHYS&crse_numb_in=165&crn_in=10286&seq_numb_in=L01')","ClassExam(letter='', link='')","Clim Chang, Past & Present Lab",10286,['M 9:00 AM - 9:59 AM'],['Mars Center-Science/Technology 2147'],"[ClassInstructor(name='Goodman, Jason C.', link='https://wheatoncollege.edu/academics/faculty-directory/jason-c-goodman/')]",,,,[],https://www.bkstr.com/webapp/wcs/stores/servlet/booklookServlet?bookstore_id-1=525&term_id-1=Spring+2015&div-1=&dept-1=PHYS&course-1=165&section-1=L01,"SeatInfo(max='Max Enroll: 18', taken='Max Enroll: 18', avail='Max Enroll: 18', wait_list='Max Enroll: 18')",A lecture section must be selected with lab. Limited to 18. ,Monday 9:00  - 9:59 
438,PHYS,"ClassNumber(num='PHYS-165 L02', link='https://weblprod1.wheatonma.edu/PROD/bzcrschd.P_ViewCourseDescription?term_in=201520&subj_code_in=PHYS&crse_numb_in=165&crn_in=10287&seq_numb_in=L02')","ClassExam(letter='', link='')","Clim Chang, Past & Present Lab",10287,['T 2:00 PM - 2:59 PM'],['Mars Center-Science/Technology 2147'],"[ClassInstructor(name='Goodman, Jason C.', link='https://wheatoncollege.edu/academics/faculty-directory/jason-c-goodman/')]",,,,[],https://www.bkstr.com/webapp/wcs/stores/servlet/booklookServlet?bookstore_id-1=525&term_id-1=Spring+2015&div-1=&dept-1=PHYS&course-1=165&section-1=L02,"SeatInfo(max='Max Enroll: 18', taken='Max Enroll: 18', avail='Max Enroll: 18', wait_list='Max Enroll: 18')",A lecture section must be selected with lab. Limited to 18. ,Tuesday 2:00  - 2:59 
439,PHYS,"ClassNumber(num='PHYS-171 B01', link='https://weblprod1.wheatonma.edu/PROD/bzcrschd.P_ViewCourseDescription?term_in=201520&subj_code_in=PHYS&crse_numb_in=171&crn_in=10288&seq_numb_in=B01')","ClassExam(letter='R', link='https://weblprod1.wheatonma.edu/PROD/bzcrschd.P_DispExamInfo?exam_code=R&course=PHYS-171 B01&term_code=201520&term_desc=Spring 2015&crn=10288')",Introductory Physics II,10288,['T R 9:00 AM - 10:50 AM'],['Science Center 1343'],"[ClassInstructor(name='Goodman, Jason C.', link='https://wheatoncollege.edu/academics/faculty-directory/jason-c-goodman/')]",,DVNS,ARNS,[],https://www.bkstr.com/webapp/wcs/stores/servlet/booklookServlet?bookstore_id-1=525&term_id-1=Spring+2015&div-1=&dept-1=PHYS&course-1=171&section-1=B01,"SeatInfo(max='Max Enroll: 30', taken='Max Enroll: 30', avail='Max Enroll: 30', wait_list='Max Enroll: 30')",Cross-listed with PHYS 181. Prerequisistes: PHYS 170 or PHYS 180. Limited to 30. ,Tuesday Thursday 9:00  - 10:50 
440,PHYS,"ClassNumber(num='PHYS-171 B02', link='https://weblprod1.wheatonma.edu/PROD/bzcrschd.P_ViewCourseDescription?term_in=201520&subj_code_in=PHYS&crse_numb_in=171&crn_in=10289&seq_numb_in=B02')","ClassExam(letter='R.', link='https://weblprod1.wheatonma.edu/PROD/bzcrschd.P_DispExamInfo?exam_code=R.&course=PHYS-171 B02&term_code=201520&term_desc=Spring 2015&crn=10289')",Introductory Physics II,10289,['T R 11:00 AM - 12:50 PM'],['Science Center 1343'],"[ClassInstructor(name='Maitra, Dipankar', link='https://wheatoncollege.edu/academics/faculty-directory/Dipankar-Maitra/')]",,DVNS,ARNS,[],https://www.bkstr.com/webapp/wcs/stores/servlet/booklookServlet?bookstore_id-1=525&term_id-1=Spring+2015&div-1=&dept-1=PHYS&course-1=171&section-1=B02,"SeatInfo(max='Max Enroll: 30', taken='Max Enroll: 30', avail='Max Enroll: 30', wait_list='Max Enroll: 30')",Cross-listed with PHYS 181. Prerequisistes: PHYS 170 or PHYS 180. Limited to 30. ,Tuesday Thursday 11:00  - 12:50 
441,PHYS,"ClassNumber(num='PHYS-181 B01', link='https://weblprod1.wheatonma.edu/PROD/bzcrschd.P_ViewCourseDescription?term_in=201520&subj_code_in=PHYS&crse_numb_in=181&crn_in=10290&seq_numb_in=B01')","ClassExam(letter='M.', link='https://weblprod1.wheatonma.edu/PROD/bzcrschd.P_DispExamInfo?exam_code=M.&course=PHYS-181 B01&term_code=201520&term_desc=Spring 2015&crn=10290')",Intro Physics II (Enhanced),10290,['T R 9:00 AM - 10:50 AM'],['Science Center 1343'],"[ClassInstructor(name='Goodman, Jason C.', link='https://wheatoncollege.edu/academics/faculty-directory/jason-c-goodman/')]",,DVNS,ARNS,[],https://www.bkstr.com/webapp/wcs/stores/servlet/booklookServlet?bookstore_id-1=525&term_id-1=Spring+2015&div-1=&dept-1=PHYS&course-1=181&section-1=B01,"SeatInfo(max='Max Enroll: 0', taken='Max Enroll: 0', avail='Max Enroll: 0', wait_list='Max Enroll: 0')",Cross-listed with PHYS 171.  Register under PHYS 171.  (1.5 Credits) ,Tuesday Thursday 9:00  - 10:50 
442,PHYS,"ClassNumber(num='PHYS-181 B02', link='https://weblprod1.wheatonma.edu/PROD/bzcrschd.P_ViewCourseDescription?term_in=201520&subj_code_in=PHYS&crse_numb_in=181&crn_in=10291&seq_numb_in=B02')","ClassExam(letter='R.', link='https://weblprod1.wheatonma.edu/PROD/bzcrschd.P_DispExamInfo?exam_code=R.&course=PHYS-181 B02&term_code=201520&term_desc=Spring 2015&crn=10291')",Intro Physics II (Enhanced),10291,['T R 11:00 AM - 12:50 PM'],['Science Center 1343'],"[ClassInstructor(name='Maitra, Dipankar', link='https://wheatoncollege.edu/academics/faculty-directory/Dipankar-Maitra/')]",,DVNS,ARNS,[],https://www.bkstr.com/webapp/wcs/stores/servlet/booklookServlet?bookstore_id-1=525&term_id-1=Spring+2015&div-1=&dept-1=PHYS&course-1=181&section-1=B02,"SeatInfo(max='Max Enroll: 0', taken='Max Enroll: 0', avail='Max Enroll: 0', wait_list='Max Enroll: 0')",Cross-listed with PHYS 171.  Register under PHYS 171.  (1.5 Credits) ,Tuesday Thursday 11:00  - 12:50 
443,PHYS,"ClassNumber(num='PHYS-311 B', link='https://weblprod1.wheatonma.edu/PROD/bzcrschd.P_ViewCourseDescription?term_in=201520&subj_code_in=PHYS&crse_numb_in=311&crn_in=10293&seq_numb_in=B')","ClassExam(letter='I.', link='https://weblprod1.wheatonma.edu/PROD/bzcrschd.P_DispExamInfo?exam_code=I.&course=PHYS-311 B&term_code=201520&term_desc=Spring 2015&crn=10293')",Classical Mechanics,10293,['T R 12:30 PM - 1:50 PM'],['Science Center 1341'],"[ClassInstructor(name='Chen, Xuesheng', link='https://wheatoncollege.edu/academics/faculty-directory/Xuesheng-Chen/')]",,DVNS,ARNS,[],https://www.bkstr.com/webapp/wcs/stores/servlet/booklookServlet?bookstore_id-1=525&term_id-1=Spring+2015&div-1=&dept-1=PHYS&course-1=311&section-1=B,"SeatInfo(max='Max Enroll: 999', taken='Max Enroll: 999', avail='Max Enroll: 999', wait_list='Max Enroll: 999')",Prerequisites: PHYS 170 or PHYS 180.  One Year of Calculus or Permission of Instructor. ,Tuesday Thursday 12:30  - 1:50 
444,PHYS,"ClassNumber(num='PHYS-350 B', link='https://weblprod1.wheatonma.edu/PROD/bzcrschd.P_ViewCourseDescription?term_in=201520&subj_code_in=PHYS&crse_numb_in=350&crn_in=10292&seq_numb_in=B')","ClassExam(letter='S.', link='https://weblprod1.wheatonma.edu/PROD/bzcrschd.P_DispExamInfo?exam_code=S.&course=PHYS-350 B&term_code=201520&term_desc=Spring 2015&crn=10292')",Experimental Physics,10292,['TBA'],['Location info TBA'],"[ClassInstructor(name='Chen, Xuesheng', link='https://wheatoncollege.edu/academics/faculty-directory/Xuesheng-Chen/')]",,DVNS,ARNS,[],https://www.bkstr.com/webapp/wcs/stores/servlet/booklookServlet?bookstore_id-1=525&term_id-1=Spring+2015&div-1=&dept-1=PHYS&course-1=350&section-1=B,"SeatInfo(max='Max Enroll: 20', taken='Max Enroll: 20', avail='Max Enroll: 20', wait_list='Max Enroll: 20')",Prerequisites: PHYS 170 and PHYS 171 and PHYS 225 or Permission of Instructor.  Open to Seniors and Juniors. Limited to 20. ,
445,PHYS,"ClassNumber(num='PHYS-360 B', link='https://weblprod1.wheatonma.edu/PROD/bzcrschd.P_ViewCourseDescription?term_in=201520&subj_code_in=PHYS&crse_numb_in=360&crn_in=10294&seq_numb_in=B')","ClassExam(letter='R.', link='https://weblprod1.wheatonma.edu/PROD/bzcrschd.P_DispExamInfo?exam_code=R.&course=PHYS-360 B&term_code=201520&term_desc=Spring 2015&crn=10294')",Geophysics,10294,['M W F 9:30 AM - 10:20 AM'],['Science Center 1313'],"[ClassInstructor(name='Collins, Geoffrey C.', link='https://wheatoncollege.edu/academics/faculty-directory/Geoffrey-Collins/')]",,DVNS,ARNS,[],https://www.bkstr.com/webapp/wcs/stores/servlet/booklookServlet?bookstore_id-1=525&term_id-1=Spring+2015&div-1=&dept-1=PHYS&course-1=360&section-1=B,"SeatInfo(max='Max Enroll: 999', taken='Max Enroll: 999', avail='Max Enroll: 999', wait_list='Max Enroll: 999')",Prerequisites: PHYS 170 or PHYS 171 or Permission of Instructor. ,Monday Wednesday Friday 9:30  - 10:20 
446,PHYS,"ClassNumber(num='PHYS-399 B01', link='https://weblprod1.wheatonma.edu/PROD/bzcrschd.P_ViewCourseDescription?term_in=201520&subj_code_in=PHYS&crse_numb_in=399&crn_in=10557&seq_numb_in=B01')","ClassExam(letter='J.', link='https://weblprod1.wheatonma.edu/PROD/bzcrschd.P_DispExamInfo?exam_code=J.&course=PHYS-399 B01&term_code=201520&term_desc=Spring 2015&crn=10557')",Selected Topics,10557,['TBA'],['Location info TBA'],"[ClassInstructor(name='Goodman, Jason C.', link='https://wheatoncollege.edu/academics/faculty-directory/jason-c-goodman/')]",,,,[],https://www.bkstr.com/webapp/wcs/stores/servlet/booklookServlet?bookstore_id-1=525&term_id-1=Spring+2015&div-1=&dept-1=PHYS&course-1=399&section-1=B01,"SeatInfo(max='Max Enroll: 1', taken='Max Enroll: 1', avail='Max Enroll: 1', wait_list='Max Enroll: 1')",Permission of instructor. ,
447,PHYS,"ClassNumber(num='PHYS-399 B02', link='https://weblprod1.wheatonma.edu/PROD/bzcrschd.P_ViewCourseDescription?term_in=201520&subj_code_in=PHYS&crse_numb_in=399&crn_in=10594&seq_numb_in=B02')","ClassExam(letter='J.', link='https://weblprod1.wheatonma.edu/PROD/bzcrschd.P_DispExamInfo?exam_code=J.&course=PHYS-399 B02&term_code=201520&term_desc=Spring 2015&crn=10594')",Selected Topics,10594,['TBA'],['Location info TBA'],"[ClassInstructor(name='Collins, John M.', link='https://wheatoncollege.edu/academics/faculty-directory/john-michael-collins/')]",,,,[],https://www.bkstr.com/webapp/wcs/stores/servlet/booklookServlet?bookstore_id-1=525&term_id-1=Spring+2015&div-1=&dept-1=PHYS&course-1=399&section-1=B02,"SeatInfo(max='Max Enroll: 3', taken='Max Enroll: 3', avail='Max Enroll: 3', wait_list='Max Enroll: 3')",Permission of instructor. ,
448,PHYS,"ClassNumber(num='PHYS-399 B03', link='https://weblprod1.wheatonma.edu/PROD/bzcrschd.P_ViewCourseDescription?term_in=201520&subj_code_in=PHYS&crse_numb_in=399&crn_in=10642&seq_numb_in=B03')","ClassExam(letter='J.', link='https://weblprod1.wheatonma.edu/PROD/bzcrschd.P_DispExamInfo?exam_code=J.&course=PHYS-399 B03&term_code=201520&term_desc=Spring 2015&crn=10642')",Selected Topics,10642,['TBA'],['Location info TBA'],"[ClassInstructor(name='Chen, Xuesheng', link='https://wheatoncollege.edu/academics/faculty-directory/Xuesheng-Chen/')]",,,,[],https://www.bkstr.com/webapp/wcs/stores/servlet/booklookServlet?bookstore_id-1=525&term_id-1=Spring+2015&div-1=&dept-1=PHYS&course-1=399&section-1=B03,"SeatInfo(max='Max Enroll: 1', taken='Max Enroll: 1', avail='Max Enroll: 1', wait_list='Max Enroll: 1')",Permission of instructor. ,
449,PHYS,"ClassNumber(num='PHYS-499 B01', link='https://weblprod1.wheatonma.edu/PROD/bzcrschd.P_ViewCourseDescription?term_in=201520&subj_code_in=PHYS&crse_numb_in=499&crn_in=10576&seq_numb_in=B01')","ClassExam(letter='J.', link='https://weblprod1.wheatonma.edu/PROD/bzcrschd.P_DispExamInfo?exam_code=J.&course=PHYS-499 B01&term_code=201520&term_desc=Spring 2015&crn=10576')",Independent Research,10576,['TBA'],['Location info TBA'],"[ClassInstructor(name='Collins, Geoffrey C.', link='https://wheatoncollege.edu/academics/faculty-directory/Geoffrey-Collins/')]",,DVNS,ARNS,[],https://www.bkstr.com/webapp/wcs/stores/servlet/booklookServlet?bookstore_id-1=525&term_id-1=Spring+2015&div-1=&dept-1=PHYS&course-1=499&section-1=B01,"SeatInfo(max='Max Enroll: 1', taken='Max Enroll: 1', avail='Max Enroll: 1', wait_list='Max Enroll: 1')",Permission of instructor. ,
450,PHYS,"ClassNumber(num='PHYS-500 D01', link='https://weblprod1.wheatonma.edu/PROD/bzcrschd.P_ViewCourseDescription?term_in=201520&subj_code_in=PHYS&crse_numb_in=500&crn_in=10577&seq_numb_in=D01')","ClassExam(letter='J.', link='https://weblprod1.wheatonma.edu/PROD/bzcrschd.P_DispExamInfo?exam_code=J.&course=PHYS-500 D01&term_code=201520&term_desc=Spring 2015&crn=10577')",Individual Research,10577,['TBA'],['Location info TBA'],"[ClassInstructor(name='Goodman, Jason C.', link='https://wheatoncollege.edu/academics/faculty-directory/jason-c-goodman/')]",,DVNS,ARNS,[],https://www.bkstr.com/webapp/wcs/stores/servlet/booklookServlet?bookstore_id-1=525&term_id-1=Spring+2015&div-1=&dept-1=PHYS&course-1=500&section-1=D01,"SeatInfo(max='Max Enroll: 1', taken='Max Enroll: 1', avail='Max Enroll: 1', wait_list='Max Enroll: 1')",Interested students should consult the Department Chair. ,
451,POLS,"ClassNumber(num='POLS-024 B', link='https://weblprod1.wheatonma.edu/PROD/bzcrschd.P_ViewCourseDescription?term_in=201520&subj_code_in=POLS&crse_numb_in=024&crn_in=10062&seq_numb_in=B')","ClassExam(letter='R.', link='https://weblprod1.wheatonma.edu/PROD/bzcrschd.P_DispExamInfo?exam_code=R.&course=POLS-024 B&term_code=201520&term_desc=Spring 2015&crn=10062')",Legal Issues: Torts,10062,['W 6:00 PM - 7:20 PM'],['Knapton Hall LEC'],"[ClassInstructor(name='Goodman, Jay S.', link='https://wheatoncollege.edu/academics/faculty-directory/Jay-Goodman/'), ClassInstructor(name='Huiskamp, James G.', link='https://wheatoncollege.edu/academics/faculty-directory/James-Huiskamp/')]",,DVSS,ARSS,[],https://www.bkstr.com/webapp/wcs/stores/servlet/booklookServlet?bookstore_id-1=525&term_id-1=Spring+2015&div-1=&dept-1=POLS&course-1=024&section-1=B,"SeatInfo(max='Max Enroll: 999', taken='Max Enroll: 999', avail='Max Enroll: 999', wait_list='Max Enroll: 999')",(.50 Credit) ,Wednesday 6:00  - 7:20 
452,POLS,"ClassNumber(num='POLS-099 B01', link='https://weblprod1.wheatonma.edu/PROD/bzcrschd.P_ViewCourseDescription?term_in=201520&subj_code_in=POLS&crse_numb_in=099&crn_in=10632&seq_numb_in=B01')","ClassExam(letter='J.', link='https://weblprod1.wheatonma.edu/PROD/bzcrschd.P_DispExamInfo?exam_code=J.&course=POLS-099 B01&term_code=201520&term_desc=Spring 2015&crn=10632')",Independent Study,10632,['TBA'],['Location info TBA'],"[ClassInstructor(name='Wilson, Jeanne', link='https://wheatoncollege.edu/academics/faculty-directory/Jeanne-Wilson/')]",,DVSS,ARSS,[],https://www.bkstr.com/webapp/wcs/stores/servlet/booklookServlet?bookstore_id-1=525&term_id-1=Spring+2015&div-1=&dept-1=POLS&course-1=099&section-1=B01,"SeatInfo(max='Max Enroll: 2', taken='Max Enroll: 2', avail='Max Enroll: 2', wait_list='Max Enroll: 2')",,
453,POLS,"ClassNumber(num='POLS-099 B02', link='https://weblprod1.wheatonma.edu/PROD/bzcrschd.P_ViewCourseDescription?term_in=201520&subj_code_in=POLS&crse_numb_in=099&crn_in=10734&seq_numb_in=B02')","ClassExam(letter='J.', link='https://weblprod1.wheatonma.edu/PROD/bzcrschd.P_DispExamInfo?exam_code=J.&course=POLS-099 B02&term_code=201520&term_desc=Spring 2015&crn=10734')",Ind Stdy: Harvard Symposium,10734,['TBA'],['Location info TBA'],"[ClassInstructor(name='Wilson, Jeanne', link='https://wheatoncollege.edu/academics/faculty-directory/Jeanne-Wilson/')]",,DVSS,ARSS,[],https://www.bkstr.com/webapp/wcs/stores/servlet/booklookServlet?bookstore_id-1=525&term_id-1=Spring+2015&div-1=&dept-1=POLS&course-1=099&section-1=B02,"SeatInfo(max='Max Enroll: 4', taken='Max Enroll: 4', avail='Max Enroll: 4', wait_list='Max Enroll: 4')",,
454,POLS,"ClassNumber(num='POLS-101 B', link='https://weblprod1.wheatonma.edu/PROD/bzcrschd.P_ViewCourseDescription?term_in=201520&subj_code_in=POLS&crse_numb_in=101&crn_in=10063&seq_numb_in=B')","ClassExam(letter='L.', link='https://weblprod1.wheatonma.edu/PROD/bzcrschd.P_DispExamInfo?exam_code=L.&course=POLS-101 B&term_code=201520&term_desc=Spring 2015&crn=10063')",The American Political System,10063,['M W 3:30 PM - 4:50 PM'],['Mary Lyon Hall 211'],"[ClassInstructor(name='Goodman, Jay S.', link='https://wheatoncollege.edu/academics/faculty-directory/Jay-Goodman/'), ClassInstructor(name='Huiskamp, James G.', link='https://wheatoncollege.edu/academics/faculty-directory/James-Huiskamp/')]",,DVSS,ARSS,[],https://www.bkstr.com/webapp/wcs/stores/servlet/booklookServlet?bookstore_id-1=525&term_id-1=Spring+2015&div-1=&dept-1=POLS&course-1=101&section-1=B,"SeatInfo(max='Max Enroll: 999', taken='Max Enroll: 999', avail='Max Enroll: 999', wait_list='Max Enroll: 999')",,Monday Wednesday 3:30  - 4:50 
455,POLS,"ClassNumber(num='POLS-109 B', link='https://weblprod1.wheatonma.edu/PROD/bzcrschd.P_ViewCourseDescription?term_in=201520&subj_code_in=POLS&crse_numb_in=109&crn_in=10068&seq_numb_in=B')","ClassExam(letter='S.', link='https://weblprod1.wheatonma.edu/PROD/bzcrschd.P_DispExamInfo?exam_code=S.&course=POLS-109 B&term_code=201520&term_desc=Spring 2015&crn=10068')",International Politics,10068,['T R 2:00 PM - 3:20 PM'],['Knapton Hall LEC'],"[ClassInstructor(name='Sawyer, Michael E.', link='https://wheatoncollege.edu/academics/faculty-directory/Michael-Sawyer/')]",,DVSS,ARSS,"[ClassConx(num='2030', link='https://weblprod1.wheatonma.edu/PROD/bzcrschd.P_ViewCourseDescription?term_in=201520&subj_code_in=CONX&crse_numb_in=20030&crn_in=&seq_numb_in=')]",https://www.bkstr.com/webapp/wcs/stores/servlet/booklookServlet?bookstore_id-1=525&term_id-1=Spring+2015&div-1=&dept-1=POLS&course-1=109&section-1=B,"SeatInfo(max='Max Enroll: 60', taken='Max Enroll: 60', avail='Max Enroll: 60', wait_list='Max Enroll: 60')",30 seats reserved for First Year students. Limited to 60. ,Tuesday Thursday 2:00  - 3:20 
456,POLS,"ClassNumber(num='POLS-200 B', link='https://weblprod1.wheatonma.edu/PROD/bzcrschd.P_ViewCourseDescription?term_in=201520&subj_code_in=POLS&crse_numb_in=200&crn_in=10340&seq_numb_in=B')","ClassExam(letter='R.', link='https://weblprod1.wheatonma.edu/PROD/bzcrschd.P_DispExamInfo?exam_code=R.&course=POLS-200 B&term_code=201520&term_desc=Spring 2015&crn=10340')",Intro to Research Methods,10340,['T 2:00 PM - 3:20 PM'],['Mars Center-Science/Technology 1141'],"[ClassInstructor(name='Wechsler, Jenna E.', link='https://wheatoncollege.edu/academics/faculty-directory/jenna-e-lukasik/')]",,DVSS,ARSS,[],https://www.bkstr.com/webapp/wcs/stores/servlet/booklookServlet?bookstore_id-1=525&term_id-1=Spring+2015&div-1=&dept-1=POLS&course-1=200&section-1=B,"SeatInfo(max='Max Enroll: 35', taken='Max Enroll: 35', avail='Max Enroll: 35', wait_list='Max Enroll: 35')",A lab section must be selected with the lecture. Limited to 35. ,Tuesday 2:00  - 3:20 
457,POLS,"ClassNumber(num='POLS-200 L01', link='https://weblprod1.wheatonma.edu/PROD/bzcrschd.P_ViewCourseDescription?term_in=201520&subj_code_in=POLS&crse_numb_in=200&crn_in=10341&seq_numb_in=L01')","ClassExam(letter='', link='')",Intro to Research Methods Lab,10341,['R 2:00 PM - 2:59 PM'],['Mars Center-Science/Technology 3100'],"[ClassInstructor(name='Wechsler, Jenna E.', link='https://wheatoncollege.edu/academics/faculty-directory/jenna-e-lukasik/')]",,,,[],https://www.bkstr.com/webapp/wcs/stores/servlet/booklookServlet?bookstore_id-1=525&term_id-1=Spring+2015&div-1=&dept-1=POLS&course-1=200&section-1=L01,"SeatInfo(max='Max Enroll: 18', taken='Max Enroll: 18', avail='Max Enroll: 18', wait_list='Max Enroll: 18')",A lecture section must be selected with lab. Limited to 18. ,Thursday 2:00  - 2:59 
458,POLS,"ClassNumber(num='POLS-200 L02', link='https://weblprod1.wheatonma.edu/PROD/bzcrschd.P_ViewCourseDescription?term_in=201520&subj_code_in=POLS&crse_numb_in=200&crn_in=10342&seq_numb_in=L02')","ClassExam(letter='', link='')",Intro to Research Methods Lab,10342,['R 3:00 PM - 3:59 PM'],['Mars Center-Science/Technology 3100'],"[ClassInstructor(name='Wechsler, Jenna E.', link='https://wheatoncollege.edu/academics/faculty-directory/jenna-e-lukasik/')]",,,,[],https://www.bkstr.com/webapp/wcs/stores/servlet/booklookServlet?bookstore_id-1=525&term_id-1=Spring+2015&div-1=&dept-1=POLS&course-1=200&section-1=L02,"SeatInfo(max='Max Enroll: 17', taken='Max Enroll: 17', avail='Max Enroll: 17', wait_list='Max Enroll: 17')",A lecture section must be selected with lab. Limited to 17. ,Thursday 3:00  - 3:59 
459,POLS,"ClassNumber(num='POLS-207 B', link='https://weblprod1.wheatonma.edu/PROD/bzcrschd.P_ViewCourseDescription?term_in=201520&subj_code_in=POLS&crse_numb_in=207&crn_in=10517&seq_numb_in=B')","ClassExam(letter='S.', link='https://weblprod1.wheatonma.edu/PROD/bzcrschd.P_DispExamInfo?exam_code=S.&course=POLS-207 B&term_code=201520&term_desc=Spring 2015&crn=10517')",Classical/Medieval Pol Theory,10517,['M W 12:30 PM - 1:50 PM'],['Meneely Hall 104'],"[ClassInstructor(name='Dorzweiler, Nick', link='https://wheatoncollege.edu/academics/faculty-directory/nicholas-dorzweiler/')]",,DVSS,ARSS,"[ClassConx(num='2040', link='https://weblprod1.wheatonma.edu/PROD/bzcrschd.P_ViewCourseDescription?term_in=201520&subj_code_in=CONX&crse_numb_in=20040&crn_in=&seq_numb_in=')]",https://www.bkstr.com/webapp/wcs/stores/servlet/booklookServlet?bookstore_id-1=525&term_id-1=Spring+2015&div-1=&dept-1=POLS&course-1=207&section-1=B,"SeatInfo(max='Max Enroll: 999', taken='Max Enroll: 999', avail='Max Enroll: 999', wait_list='Max Enroll: 999')",,Monday Wednesday 12:30  - 1:50 
460,POLS,"ClassNumber(num='POLS-249 B', link='https://weblprod1.wheatonma.edu/PROD/bzcrschd.P_ViewCourseDescription?term_in=201520&subj_code_in=POLS&crse_numb_in=249&crn_in=10066&seq_numb_in=B')","ClassExam(letter='S.', link='https://weblprod1.wheatonma.edu/PROD/bzcrschd.P_DispExamInfo?exam_code=S.&course=POLS-249 B&term_code=201520&term_desc=Spring 2015&crn=10066')",Russian Foreign Policy,10066,['M W 12:30 PM - 1:50 PM'],['Knapton Hall 218'],"[ClassInstructor(name='Wilson, Jeanne', link='https://wheatoncollege.edu/academics/faculty-directory/Jeanne-Wilson/')]",,DVSS,ARSS,"[ClassConx(num='2064', link='https://weblprod1.wheatonma.edu/PROD/bzcrschd.P_ViewCourseDescription?term_in=201520&subj_code_in=CONX&crse_numb_in=20064&crn_in=&seq_numb_in='), ClassConx(num='2319', link='https://weblprod1.wheatonma.edu/PROD/bzcrschd.P_ViewCourseDescription?term_in=201520&subj_code_in=CONX&crse_numb_in=23019&crn_in=&seq_numb_in=')]",https://www.bkstr.com/webapp/wcs/stores/servlet/booklookServlet?bookstore_id-1=525&term_id-1=Spring+2015&div-1=&dept-1=POLS&course-1=249&section-1=B,"SeatInfo(max='Max Enroll: 999', taken='Max Enroll: 999', avail='Max Enroll: 999', wait_list='Max Enroll: 999')",Prerequisite: POLS 109 or POLS 115 or POLS 255. ,Monday Wednesday 12:30  - 1:50 
461,POLS,"ClassNumber(num='POLS-298 B01', link='https://weblprod1.wheatonma.edu/PROD/bzcrschd.P_ViewCourseDescription?term_in=201520&subj_code_in=POLS&crse_numb_in=298&crn_in=10069&seq_numb_in=B01')","ClassExam(letter='R.', link='https://weblprod1.wheatonma.edu/PROD/bzcrschd.P_DispExamInfo?exam_code=R.&course=POLS-298 B01&term_code=201520&term_desc=Spring 2015&crn=10069')",Political Parties & Elections,10069,['T R 9:30 AM - 10:50 AM'],['Mars Center-Science/Technology 1124'],"[ClassInstructor(name='Angelo, Nathan', link='https://wheatoncollege.edu/academics/faculty-directory/Nathan-Angelo/')]",,,,[],https://www.bkstr.com/webapp/wcs/stores/servlet/booklookServlet?bookstore_id-1=525&term_id-1=Spring+2015&div-1=&dept-1=POLS&course-1=298&section-1=B01,"SeatInfo(max='Max Enroll: 999', taken='Max Enroll: 999', avail='Max Enroll: 999', wait_list='Max Enroll: 999')",,Tuesday Thursday 9:30  - 10:50 
462,POLS,"ClassNumber(num='POLS-298 B02', link='https://weblprod1.wheatonma.edu/PROD/bzcrschd.P_ViewCourseDescription?term_in=201520&subj_code_in=POLS&crse_numb_in=298&crn_in=10338&seq_numb_in=B02')","ClassExam(letter='R.', link='https://weblprod1.wheatonma.edu/PROD/bzcrschd.P_DispExamInfo?exam_code=R.&course=POLS-298 B02&term_code=201520&term_desc=Spring 2015&crn=10338')",Education and Politics,10338,['T R 11:00 AM - 12:20 PM'],['Mars Center-Science/Technology 1124'],"[ClassInstructor(name='Angelo, Nathan', link='https://wheatoncollege.edu/academics/faculty-directory/Nathan-Angelo/')]",,,,[],https://www.bkstr.com/webapp/wcs/stores/servlet/booklookServlet?bookstore_id-1=525&term_id-1=Spring+2015&div-1=&dept-1=POLS&course-1=298&section-1=B02,"SeatInfo(max='Max Enroll: 999', taken='Max Enroll: 999', avail='Max Enroll: 999', wait_list='Max Enroll: 999')",,Tuesday Thursday 11:00  - 12:20 
463,POLS,"ClassNumber(num='POLS-298 B03', link='https://weblprod1.wheatonma.edu/PROD/bzcrschd.P_ViewCourseDescription?term_in=201520&subj_code_in=POLS&crse_numb_in=298&crn_in=10476&seq_numb_in=B03')","ClassExam(letter='R.', link='https://weblprod1.wheatonma.edu/PROD/bzcrschd.P_DispExamInfo?exam_code=R.&course=POLS-298 B03&term_code=201520&term_desc=Spring 2015&crn=10476')",American Political Development,10476,['T R 2:00 PM - 3:20 PM'],['Mars Center-Science/Technology 1124'],"[ClassInstructor(name='Angelo, Nathan', link='https://wheatoncollege.edu/academics/faculty-directory/Nathan-Angelo/')]",,,,[],https://www.bkstr.com/webapp/wcs/stores/servlet/booklookServlet?bookstore_id-1=525&term_id-1=Spring+2015&div-1=&dept-1=POLS&course-1=298&section-1=B03,"SeatInfo(max='Max Enroll: 999', taken='Max Enroll: 999', avail='Max Enroll: 999', wait_list='Max Enroll: 999')",,Tuesday Thursday 2:00  - 3:20 
464,POLS,"ClassNumber(num='POLS-321 B', link='https://weblprod1.wheatonma.edu/PROD/bzcrschd.P_ViewCourseDescription?term_in=201520&subj_code_in=POLS&crse_numb_in=321&crn_in=10064&seq_numb_in=B')","ClassExam(letter='S.', link='https://weblprod1.wheatonma.edu/PROD/bzcrschd.P_DispExamInfo?exam_code=S.&course=POLS-321 B&term_code=201520&term_desc=Spring 2015&crn=10064')",Public Admin & Public Policy,10064,['M W 2:00 PM - 3:20 PM'],['Knapton Hall 315'],"[ClassInstructor(name='Goodman, Jay S.', link='https://wheatoncollege.edu/academics/faculty-directory/Jay-Goodman/'), ClassInstructor(name='Huiskamp, James G.', link='https://wheatoncollege.edu/academics/faculty-directory/James-Huiskamp/')]",,DVSS,ARSS,"[ClassConx(num='2017', link='https://weblprod1.wheatonma.edu/PROD/bzcrschd.P_ViewCourseDescription?term_in=201520&subj_code_in=CONX&crse_numb_in=20017&crn_in=&seq_numb_in=')]",https://www.bkstr.com/webapp/wcs/stores/servlet/booklookServlet?bookstore_id-1=525&term_id-1=Spring+2015&div-1=&dept-1=POLS&course-1=321&section-1=B,"SeatInfo(max='Max Enroll: 999', taken='Max Enroll: 999', avail='Max Enroll: 999', wait_list='Max Enroll: 999')",Prerequisite: POLS 101 or POLS 109 or POLS 115. ,Monday Wednesday 2:00  - 3:20 
465,POLS,"ClassNumber(num='POLS-323 B', link='https://weblprod1.wheatonma.edu/PROD/bzcrschd.P_ViewCourseDescription?term_in=201520&subj_code_in=POLS&crse_numb_in=323&crn_in=10343&seq_numb_in=B')","ClassExam(letter='R.', link='https://weblprod1.wheatonma.edu/PROD/bzcrschd.P_DispExamInfo?exam_code=R.&course=POLS-323 B&term_code=201520&term_desc=Spring 2015&crn=10343')",Comp Political Development,10343,['T 3:30 PM - 6:20 PM'],['Meneely Hall 208'],"[ClassInstructor(name='Huiskamp, James G.', link='https://wheatoncollege.edu/academics/faculty-directory/James-Huiskamp/')]",BW,DVSS,ARSS,[],https://www.bkstr.com/webapp/wcs/stores/servlet/booklookServlet?bookstore_id-1=525&term_id-1=Spring+2015&div-1=&dept-1=POLS&course-1=323&section-1=B,"SeatInfo(max='Max Enroll: 999', taken='Max Enroll: 999', avail='Max Enroll: 999', wait_list='Max Enroll: 999')",Prerequisite: POLS 109 or POLS 115. ,Tuesday 3:30  - 6:20 
466,POLS,"ClassNumber(num='POLS-325 B', link='https://weblprod1.wheatonma.edu/PROD/bzcrschd.P_ViewCourseDescription?term_in=201520&subj_code_in=POLS&crse_numb_in=325&crn_in=10337&seq_numb_in=B')","ClassExam(letter='S.', link='https://weblprod1.wheatonma.edu/PROD/bzcrschd.P_DispExamInfo?exam_code=S.&course=POLS-325 B&term_code=201520&term_desc=Spring 2015&crn=10337')",European Integration,10337,['T R 9:30 AM - 10:50 AM'],['Meneely Hall 305'],"[ClassInstructor(name='Irish, Adam C.', link='https://wheatoncollege.edu/academics/faculty-directory/Adam-Irish/')]",,DVSS,ARSS,[],https://www.bkstr.com/webapp/wcs/stores/servlet/booklookServlet?bookstore_id-1=525&term_id-1=Spring+2015&div-1=&dept-1=POLS&course-1=325&section-1=B,"SeatInfo(max='Max Enroll: 999', taken='Max Enroll: 999', avail='Max Enroll: 999', wait_list='Max Enroll: 999')",Prerequisite: POLS 109 or POLS 115 or POLS 215. ,Tuesday Thursday 9:30  - 10:50 
467,POLS,"ClassNumber(num='POLS-327 B', link='https://weblprod1.wheatonma.edu/PROD/bzcrschd.P_ViewCourseDescription?term_in=201520&subj_code_in=POLS&crse_numb_in=327&crn_in=10074&seq_numb_in=B')","ClassExam(letter='S.', link='https://weblprod1.wheatonma.edu/PROD/bzcrschd.P_DispExamInfo?exam_code=S.&course=POLS-327 B&term_code=201520&term_desc=Spring 2015&crn=10074')",Black Political Thought,10074,['T R 9:30 AM - 10:50 AM'],['Knapton Hall 214'],"[ClassInstructor(name='Sawyer, Michael E.', link='https://wheatoncollege.edu/academics/faculty-directory/Michael-Sawyer/')]",,DVSS,ARSS,"[ClassConx(num='2310', link='https://weblprod1.wheatonma.edu/PROD/bzcrschd.P_ViewCourseDescription?term_in=201520&subj_code_in=CONX&crse_numb_in=23010&crn_in=&seq_numb_in=')]",https://www.bkstr.com/webapp/wcs/stores/servlet/booklookServlet?bookstore_id-1=525&term_id-1=Spring+2015&div-1=&dept-1=POLS&course-1=327&section-1=B,"SeatInfo(max='Max Enroll: 999', taken='Max Enroll: 999', avail='Max Enroll: 999', wait_list='Max Enroll: 999')",,Tuesday Thursday 9:30  - 10:50 
468,POLS,"ClassNumber(num='POLS-339 B', link='https://weblprod1.wheatonma.edu/PROD/bzcrschd.P_ViewCourseDescription?term_in=201520&subj_code_in=POLS&crse_numb_in=339&crn_in=10339&seq_numb_in=B')","ClassExam(letter='S.', link='https://weblprod1.wheatonma.edu/PROD/bzcrschd.P_DispExamInfo?exam_code=S.&course=POLS-339 B&term_code=201520&term_desc=Spring 2015&crn=10339')",International Relations,10339,['T R 12:30 PM - 1:50 PM'],['Balfour-Hood Campus Center MEDIA'],"[ClassInstructor(name='Irish, Adam C.', link='https://wheatoncollege.edu/academics/faculty-directory/Adam-Irish/')]",,DVSS,ARSS,"[ClassConx(num='2065', link='https://weblprod1.wheatonma.edu/PROD/bzcrschd.P_ViewCourseDescription?term_in=201520&subj_code_in=CONX&crse_numb_in=20065&crn_in=&seq_numb_in=')]",https://www.bkstr.com/webapp/wcs/stores/servlet/booklookServlet?bookstore_id-1=525&term_id-1=Spring+2015&div-1=&dept-1=POLS&course-1=339&section-1=B,"SeatInfo(max='Max Enroll: 999', taken='Max Enroll: 999', avail='Max Enroll: 999', wait_list='Max Enroll: 999')",Prerequisite: POLS 109 or POLS 115 or Permission of Instructor. ,Tuesday Thursday 12:30  - 1:50 
469,POLS,"ClassNumber(num='POLS-341 B', link='https://weblprod1.wheatonma.edu/PROD/bzcrschd.P_ViewCourseDescription?term_in=201520&subj_code_in=POLS&crse_numb_in=341&crn_in=10336&seq_numb_in=B')","ClassExam(letter='R.', link='https://weblprod1.wheatonma.edu/PROD/bzcrschd.P_DispExamInfo?exam_code=R.&course=POLS-341 B&term_code=201520&term_desc=Spring 2015&crn=10336')",Constitutional Law I,10336,['T R 11:00 AM - 12:20 PM'],['Meneely Hall 205'],"[ClassInstructor(name='Wechsler, Jenna E.', link='https://wheatoncollege.edu/academics/faculty-directory/jenna-e-lukasik/')]",,DVSS,ARSS,"[ClassConx(num='2067', link='https://weblprod1.wheatonma.edu/PROD/bzcrschd.P_ViewCourseDescription?term_in=201520&subj_code_in=CONX&crse_numb_in=20067&crn_in=&seq_numb_in=')]",https://www.bkstr.com/webapp/wcs/stores/servlet/booklookServlet?bookstore_id-1=525&term_id-1=Spring+2015&div-1=&dept-1=POLS&course-1=341&section-1=B,"SeatInfo(max='Max Enroll: 20', taken='Max Enroll: 20', avail='Max Enroll: 20', wait_list='Max Enroll: 20')",Prerequisite: POLS 101.  Limited to 20. ,Tuesday Thursday 11:00  - 12:20 
470,POLS,"ClassNumber(num='POLS-399 B01', link='https://weblprod1.wheatonma.edu/PROD/bzcrschd.P_ViewCourseDescription?term_in=201520&subj_code_in=POLS&crse_numb_in=399&crn_in=10675&seq_numb_in=B01')","ClassExam(letter='J.', link='https://weblprod1.wheatonma.edu/PROD/bzcrschd.P_DispExamInfo?exam_code=J.&course=POLS-399 B01&term_code=201520&term_desc=Spring 2015&crn=10675')",Independent Study,10675,['TBA'],['Location info TBA'],"[ClassInstructor(name='Goodman, Jay S.', link='https://wheatoncollege.edu/academics/faculty-directory/Jay-Goodman/'), ClassInstructor(name='Huiskamp, James G.', link='https://wheatoncollege.edu/academics/faculty-directory/James-Huiskamp/')]",,DVSS,ARSS,[],https://www.bkstr.com/webapp/wcs/stores/servlet/booklookServlet?bookstore_id-1=525&term_id-1=Spring+2015&div-1=&dept-1=POLS&course-1=399&section-1=B01,"SeatInfo(max='Max Enroll: 1', taken='Max Enroll: 1', avail='Max Enroll: 1', wait_list='Max Enroll: 1')",Permission of Instructor. ,
471,POLS,"ClassNumber(num='POLS-401 B', link='https://weblprod1.wheatonma.edu/PROD/bzcrschd.P_ViewCourseDescription?term_in=201520&subj_code_in=POLS&crse_numb_in=401&crn_in=10067&seq_numb_in=B')","ClassExam(letter='S.', link='https://weblprod1.wheatonma.edu/PROD/bzcrschd.P_DispExamInfo?exam_code=S.&course=POLS-401 B&term_code=201520&term_desc=Spring 2015&crn=10067')",Seminar: Comparative Int'l Pol,10067,['W 2:00 PM - 4:50 PM'],['Meneely Hall 304'],"[ClassInstructor(name='Wilson, Jeanne', link='https://wheatoncollege.edu/academics/faculty-directory/Jeanne-Wilson/')]",,DVSS,ARSS,[],https://www.bkstr.com/webapp/wcs/stores/servlet/booklookServlet?bookstore_id-1=525&term_id-1=Spring+2015&div-1=&dept-1=POLS&course-1=401&section-1=B,"SeatInfo(max='Max Enroll: 13', taken='Max Enroll: 13', avail='Max Enroll: 13', wait_list='Max Enroll: 13')",Senior majors. Limited to 13. ,Wednesday 2:00  - 4:50 
472,POLS,"ClassNumber(num='POLS-500 D01', link='https://weblprod1.wheatonma.edu/PROD/bzcrschd.P_ViewCourseDescription?term_in=201520&subj_code_in=POLS&crse_numb_in=500&crn_in=10622&seq_numb_in=D01')","ClassExam(letter='J.', link='https://weblprod1.wheatonma.edu/PROD/bzcrschd.P_DispExamInfo?exam_code=J.&course=POLS-500 D01&term_code=201520&term_desc=Spring 2015&crn=10622')",Individual Research,10622,['TBA'],['Location info TBA'],"[ClassInstructor(name='Irish, Adam C.', link='https://wheatoncollege.edu/academics/faculty-directory/Adam-Irish/')]",,DVSS,ARSS,[],https://www.bkstr.com/webapp/wcs/stores/servlet/booklookServlet?bookstore_id-1=525&term_id-1=Spring+2015&div-1=&dept-1=POLS&course-1=500&section-1=D01,"SeatInfo(max='Max Enroll: 1', taken='Max Enroll: 1', avail='Max Enroll: 1', wait_list='Max Enroll: 1')",Permission of Instructor. ,
473,PSY,"ClassNumber(num='PSY-101 B01', link='https://weblprod1.wheatonma.edu/PROD/bzcrschd.P_ViewCourseDescription?term_in=201520&subj_code_in=PSY&crse_numb_in=101&crn_in=10212&seq_numb_in=B01')","ClassExam(letter='K.', link='https://weblprod1.wheatonma.edu/PROD/bzcrschd.P_DispExamInfo?exam_code=K.&course=PSY-101 B01&term_code=201520&term_desc=Spring 2015&crn=10212')",Introductory Psychology,10212,['M W 2:00 PM - 3:20 PM'],['Science Center B243'],"[ClassInstructor(name='Gingo, Matthew', link='https://wheatoncollege.edu/academics/faculty-directory/Matthew-Gingo/')]",,DVSS,ARSS,[],https://www.bkstr.com/webapp/wcs/stores/servlet/booklookServlet?bookstore_id-1=525&term_id-1=Spring+2015&div-1=&dept-1=PSY&course-1=101&section-1=B01,"SeatInfo(max='Max Enroll: 45', taken='Max Enroll: 45', avail='Max Enroll: 45', wait_list='Max Enroll: 45')",Permission of Instructor. ,Monday Wednesday 2:00  - 3:20 
474,PSY,"ClassNumber(num='PSY-101 B02', link='https://weblprod1.wheatonma.edu/PROD/bzcrschd.P_ViewCourseDescription?term_in=201520&subj_code_in=PSY&crse_numb_in=101&crn_in=10216&seq_numb_in=B02')","ClassExam(letter='S.', link='https://weblprod1.wheatonma.edu/PROD/bzcrschd.P_DispExamInfo?exam_code=S.&course=PSY-101 B02&term_code=201520&term_desc=Spring 2015&crn=10216')",Introductory Psychology,10216,['T R 8:00 AM - 9:20 AM'],['Meneely Hall 105'],"[ClassInstructor(name='Thompson, Lee S.', link='https://wheatoncollege.edu/academics/faculty-directory/Lee-Thompson/')]",,DVSS,ARSS,[],https://www.bkstr.com/webapp/wcs/stores/servlet/booklookServlet?bookstore_id-1=525&term_id-1=Spring+2015&div-1=&dept-1=PSY&course-1=101&section-1=B02,"SeatInfo(max='Max Enroll: 45', taken='Max Enroll: 45', avail='Max Enroll: 45', wait_list='Max Enroll: 45')",Permission of Instructor. ,Tuesday Thursday 8:00  - 9:20 
475,PSY,"ClassNumber(num='PSY-202 B01', link='https://weblprod1.wheatonma.edu/PROD/bzcrschd.P_ViewCourseDescription?term_in=201520&subj_code_in=PSY&crse_numb_in=202&crn_in=10207&seq_numb_in=B01')","ClassExam(letter='A.', link='https://weblprod1.wheatonma.edu/PROD/bzcrschd.P_DispExamInfo?exam_code=A.&course=PSY-202 B01&term_code=201520&term_desc=Spring 2015&crn=10207')",Quantitative Research Methods,10207,['M W 8:00 AM - 9:20 AM'],['Meneely Hall 105'],"[ClassInstructor(name='Appleby, Sara', link='https://wheatoncollege.edu/academics/faculty-directory/Sara-Appleby/')]",,DVSS,ARSS,[],https://www.bkstr.com/webapp/wcs/stores/servlet/booklookServlet?bookstore_id-1=525&term_id-1=Spring+2015&div-1=&dept-1=PSY&course-1=202&section-1=B01,"SeatInfo(max='Max Enroll: 18', taken='Max Enroll: 18', avail='Max Enroll: 18', wait_list='Max Enroll: 18')",Permission of Instructor. ,Monday Wednesday 8:00  - 9:20 
476,PSY,"ClassNumber(num='PSY-202 B02', link='https://weblprod1.wheatonma.edu/PROD/bzcrschd.P_ViewCourseDescription?term_in=201520&subj_code_in=PSY&crse_numb_in=202&crn_in=10225&seq_numb_in=B02')","ClassExam(letter='H.', link='https://weblprod1.wheatonma.edu/PROD/bzcrschd.P_DispExamInfo?exam_code=H.&course=PSY-202 B02&term_code=201520&term_desc=Spring 2015&crn=10225')",Quantitative Research Methods,10225,['M W 12:30 PM - 1:50 PM'],['Meneely Hall 105'],"[ClassInstructor(name='Appleby, Sara', link='https://wheatoncollege.edu/academics/faculty-directory/Sara-Appleby/')]",,DVSS,ARSS,[],https://www.bkstr.com/webapp/wcs/stores/servlet/booklookServlet?bookstore_id-1=525&term_id-1=Spring+2015&div-1=&dept-1=PSY&course-1=202&section-1=B02,"SeatInfo(max='Max Enroll: 18', taken='Max Enroll: 18', avail='Max Enroll: 18', wait_list='Max Enroll: 18')",Permission of Instructor. ,Monday Wednesday 12:30  - 1:50 
477,PSY,"ClassNumber(num='PSY-202 B03', link='https://weblprod1.wheatonma.edu/PROD/bzcrschd.P_ViewCourseDescription?term_in=201520&subj_code_in=PSY&crse_numb_in=202&crn_in=10226&seq_numb_in=B03')","ClassExam(letter='N.', link='https://weblprod1.wheatonma.edu/PROD/bzcrschd.P_DispExamInfo?exam_code=N.&course=PSY-202 B03&term_code=201520&term_desc=Spring 2015&crn=10226')",Quantitative Research Methods,10226,['T R 11:00 AM - 12:20 PM'],['Science Center B234'],"[ClassInstructor(name='Reiss, Jason E.', link='https://wheatoncollege.edu/academics/faculty-directory/Jason-Reiss/')]",,DVSS,ARSS,[],https://www.bkstr.com/webapp/wcs/stores/servlet/booklookServlet?bookstore_id-1=525&term_id-1=Spring+2015&div-1=&dept-1=PSY&course-1=202&section-1=B03,"SeatInfo(max='Max Enroll: 18', taken='Max Enroll: 18', avail='Max Enroll: 18', wait_list='Max Enroll: 18')",Permission of Instructor. ,Tuesday Thursday 11:00  - 12:20 
478,PSY,"ClassNumber(num='PSY-203 B', link='https://weblprod1.wheatonma.edu/PROD/bzcrschd.P_ViewCourseDescription?term_in=201520&subj_code_in=PSY&crse_numb_in=203&crn_in=10217&seq_numb_in=B')","ClassExam(letter='S.', link='https://weblprod1.wheatonma.edu/PROD/bzcrschd.P_DispExamInfo?exam_code=S.&course=PSY-203 B&term_code=201520&term_desc=Spring 2015&crn=10217')",Child Development,10217,['T R 9:30 AM - 10:50 AM'],['Meneely Hall 307'],"[ClassInstructor(name='Thompson, Lee S.', link='https://wheatoncollege.edu/academics/faculty-directory/Lee-Thompson/')]",,DVSS,ARSS,[],https://www.bkstr.com/webapp/wcs/stores/servlet/booklookServlet?bookstore_id-1=525&term_id-1=Spring+2015&div-1=&dept-1=PSY&course-1=203&section-1=B,"SeatInfo(max='Max Enroll: 36', taken='Max Enroll: 36', avail='Max Enroll: 36', wait_list='Max Enroll: 36')",Permission of Instructor. ,Tuesday Thursday 9:30  - 10:50 
479,PSY,"ClassNumber(num='PSY-224 B', link='https://weblprod1.wheatonma.edu/PROD/bzcrschd.P_ViewCourseDescription?term_in=201520&subj_code_in=PSY&crse_numb_in=224&crn_in=10471&seq_numb_in=B')","ClassExam(letter='S.', link='https://weblprod1.wheatonma.edu/PROD/bzcrschd.P_DispExamInfo?exam_code=S.&course=PSY-224 B&term_code=201520&term_desc=Spring 2015&crn=10471')",Child Psychopathology,10471,['M W 3:30 PM - 4:50 PM'],['Balfour-Hood Campus Center MEDIA'],"[ClassInstructor(name='Orchowski, Lindsay M.', link='https://wheatoncollege.edu/academics/faculty-directory/Lindsay-Orchowski/')]",,DVSS,ARSS,[],https://www.bkstr.com/webapp/wcs/stores/servlet/booklookServlet?bookstore_id-1=525&term_id-1=Spring+2015&div-1=&dept-1=PSY&course-1=224&section-1=B,"SeatInfo(max='Max Enroll: 36', taken='Max Enroll: 36', avail='Max Enroll: 36', wait_list='Max Enroll: 36')",Permission of Instructor. ,Monday Wednesday 3:30  - 4:50 
480,PSY,"ClassNumber(num='PSY-225 B', link='https://weblprod1.wheatonma.edu/PROD/bzcrschd.P_ViewCourseDescription?term_in=201520&subj_code_in=PSY&crse_numb_in=225&crn_in=10222&seq_numb_in=B')","ClassExam(letter='M.', link='https://weblprod1.wheatonma.edu/PROD/bzcrschd.P_DispExamInfo?exam_code=M.&course=PSY-225 B&term_code=201520&term_desc=Spring 2015&crn=10222')","Brain, Mind and Behavior",10222,['T R 9:30 AM - 10:50 AM'],['Science Center B246'],"[ClassInstructor(name='Reiss, Jason E.', link='https://wheatoncollege.edu/academics/faculty-directory/Jason-Reiss/')]",,DVSS,ARSS,"[ClassConx(num='2085', link='https://weblprod1.wheatonma.edu/PROD/bzcrschd.P_ViewCourseDescription?term_in=201520&subj_code_in=CONX&crse_numb_in=20085&crn_in=&seq_numb_in=')]",https://www.bkstr.com/webapp/wcs/stores/servlet/booklookServlet?bookstore_id-1=525&term_id-1=Spring+2015&div-1=&dept-1=PSY&course-1=225&section-1=B,"SeatInfo(max='Max Enroll: 36', taken='Max Enroll: 36', avail='Max Enroll: 36', wait_list='Max Enroll: 36')",Permission of Instructor. ,Tuesday Thursday 9:30  - 10:50 
481,PSY,"ClassNumber(num='PSY-227 B', link='https://weblprod1.wheatonma.edu/PROD/bzcrschd.P_ViewCourseDescription?term_in=201520&subj_code_in=PSY&crse_numb_in=227&crn_in=10228&seq_numb_in=B')","ClassExam(letter='U.', link='https://weblprod1.wheatonma.edu/PROD/bzcrschd.P_DispExamInfo?exam_code=U.&course=PSY-227 B&term_code=201520&term_desc=Spring 2015&crn=10228')",Drugs and Behavior,10228,['M W F 9:30 AM - 10:20 AM'],['Science Center B243'],"[ClassInstructor(name='Morgan, Kathleen N.', link='https://wheatoncollege.edu/academics/faculty-directory/Kathleen-Morgan/')]",,DVSS,ARSS,"[ClassConx(num='2049', link='https://weblprod1.wheatonma.edu/PROD/bzcrschd.P_ViewCourseDescription?term_in=201520&subj_code_in=CONX&crse_numb_in=20049&crn_in=&seq_numb_in='), ClassConx(num='2069', link='https://weblprod1.wheatonma.edu/PROD/bzcrschd.P_ViewCourseDescription?term_in=201520&subj_code_in=CONX&crse_numb_in=20069&crn_in=&seq_numb_in=')]",https://www.bkstr.com/webapp/wcs/stores/servlet/booklookServlet?bookstore_id-1=525&term_id-1=Spring+2015&div-1=&dept-1=PSY&course-1=227&section-1=B,"SeatInfo(max='Max Enroll: 32', taken='Max Enroll: 32', avail='Max Enroll: 32', wait_list='Max Enroll: 32')",Permission of Instructor. ,Monday Wednesday Friday 9:30  - 10:20 
482,PSY,"ClassNumber(num='PSY-230 B', link='https://weblprod1.wheatonma.edu/PROD/bzcrschd.P_ViewCourseDescription?term_in=201520&subj_code_in=PSY&crse_numb_in=230&crn_in=10502&seq_numb_in=B')","ClassExam(letter='H.', link='https://weblprod1.wheatonma.edu/PROD/bzcrschd.P_DispExamInfo?exam_code=H.&course=PSY-230 B&term_code=201520&term_desc=Spring 2015&crn=10502')",Psychology of Consciousness,10502,['M W 12:30 PM - 1:50 PM'],['Mars Center-Science/Technology 1141'],"[ClassInstructor(name='Nelson, Rolf A.', link='https://wheatoncollege.edu/academics/faculty-directory/Rolf-Nelson/')]",,DVSS,ARSS,"[ClassConx(num='2061', link='https://weblprod1.wheatonma.edu/PROD/bzcrschd.P_ViewCourseDescription?term_in=201520&subj_code_in=CONX&crse_numb_in=20061&crn_in=&seq_numb_in=')]",https://www.bkstr.com/webapp/wcs/stores/servlet/booklookServlet?bookstore_id-1=525&term_id-1=Spring+2015&div-1=&dept-1=PSY&course-1=230&section-1=B,"SeatInfo(max='Max Enroll: 36', taken='Max Enroll: 36', avail='Max Enroll: 36', wait_list='Max Enroll: 36')",Permission of Instructor. ,Monday Wednesday 12:30  - 1:50 
483,PSY,"ClassNumber(num='PSY-232 B01', link='https://weblprod1.wheatonma.edu/PROD/bzcrschd.P_ViewCourseDescription?term_in=201520&subj_code_in=PSY&crse_numb_in=232&crn_in=10229&seq_numb_in=B01')","ClassExam(letter='N.', link='https://weblprod1.wheatonma.edu/PROD/bzcrschd.P_DispExamInfo?exam_code=N.&course=PSY-232 B01&term_code=201520&term_desc=Spring 2015&crn=10229')",Social Psychology,10229,['T R 11:00 AM - 12:20 PM'],['Science Center B246'],"[ClassInstructor(name='Agatstein, Fredric C.', link='https://wheatoncollege.edu/academics/faculty-directory/Fredric-Agatstein/')]",,DVSS,ARSS,"[ClassConx(num='2092', link='https://weblprod1.wheatonma.edu/PROD/bzcrschd.P_ViewCourseDescription?term_in=201520&subj_code_in=CONX&crse_numb_in=20092&crn_in=&seq_numb_in=')]",https://www.bkstr.com/webapp/wcs/stores/servlet/booklookServlet?bookstore_id-1=525&term_id-1=Spring+2015&div-1=&dept-1=PSY&course-1=232&section-1=B01,"SeatInfo(max='Max Enroll: 36', taken='Max Enroll: 36', avail='Max Enroll: 36', wait_list='Max Enroll: 36')",Permission of Instructor. ,Tuesday Thursday 11:00  - 12:20 
484,PSY,"ClassNumber(num='PSY-232 B02', link='https://weblprod1.wheatonma.edu/PROD/bzcrschd.P_ViewCourseDescription?term_in=201520&subj_code_in=PSY&crse_numb_in=232&crn_in=10236&seq_numb_in=B02')","ClassExam(letter='I.', link='https://weblprod1.wheatonma.edu/PROD/bzcrschd.P_DispExamInfo?exam_code=I.&course=PSY-232 B02&term_code=201520&term_desc=Spring 2015&crn=10236')",Social Psychology,10236,['T R 12:30 PM - 1:50 PM'],['Science Center B246'],"[ClassInstructor(name='Agatstein, Fredric C.', link='https://wheatoncollege.edu/academics/faculty-directory/Fredric-Agatstein/')]",,DVSS,ARSS,"[ClassConx(num='2092', link='https://weblprod1.wheatonma.edu/PROD/bzcrschd.P_ViewCourseDescription?term_in=201520&subj_code_in=CONX&crse_numb_in=20092&crn_in=&seq_numb_in=')]",https://www.bkstr.com/webapp/wcs/stores/servlet/booklookServlet?bookstore_id-1=525&term_id-1=Spring+2015&div-1=&dept-1=PSY&course-1=232&section-1=B02,"SeatInfo(max='Max Enroll: 36', taken='Max Enroll: 36', avail='Max Enroll: 36', wait_list='Max Enroll: 36')",Permission of Instructor. ,Tuesday Thursday 12:30  - 1:50 
485,PSY,"ClassNumber(num='PSY-235 B01', link='https://weblprod1.wheatonma.edu/PROD/bzcrschd.P_ViewCourseDescription?term_in=201520&subj_code_in=PSY&crse_numb_in=235&crn_in=10218&seq_numb_in=B01')","ClassExam(letter='S.', link='https://weblprod1.wheatonma.edu/PROD/bzcrschd.P_DispExamInfo?exam_code=S.&course=PSY-235 B01&term_code=201520&term_desc=Spring 2015&crn=10218')",Human Sexuality,10218,['T R 9:30 AM - 10:50 AM'],['Meneely Hall 209'],"[ClassInstructor(name='Olin, Nancy E.', link='https://wheatoncollege.edu/academics/faculty-directory/Nancy-Olin/')]",,DVSS,ARSS,"[ClassConx(num='2306', link='https://weblprod1.wheatonma.edu/PROD/bzcrschd.P_ViewCourseDescription?term_in=201520&subj_code_in=CONX&crse_numb_in=23006&crn_in=&seq_numb_in=')]",https://www.bkstr.com/webapp/wcs/stores/servlet/booklookServlet?bookstore_id-1=525&term_id-1=Spring+2015&div-1=&dept-1=PSY&course-1=235&section-1=B01,"SeatInfo(max='Max Enroll: 36', taken='Max Enroll: 36', avail='Max Enroll: 36', wait_list='Max Enroll: 36')",Permission of Instructor. ,Tuesday Thursday 9:30  - 10:50 
486,PSY,"ClassNumber(num='PSY-235 B02', link='https://weblprod1.wheatonma.edu/PROD/bzcrschd.P_ViewCourseDescription?term_in=201520&subj_code_in=PSY&crse_numb_in=235&crn_in=10219&seq_numb_in=B02')","ClassExam(letter='S.', link='https://weblprod1.wheatonma.edu/PROD/bzcrschd.P_DispExamInfo?exam_code=S.&course=PSY-235 B02&term_code=201520&term_desc=Spring 2015&crn=10219')",Human Sexuality,10219,['T R 9:30 AM - 10:50 AM'],['Meneely Hall 105'],"[ClassInstructor(name='Liebling, Linette G.', link='https://wheatoncollege.edu/academics/faculty-directory/linette-g-liebling/')]",,DVSS,ARSS,"[ClassConx(num='2306', link='https://weblprod1.wheatonma.edu/PROD/bzcrschd.P_ViewCourseDescription?term_in=201520&subj_code_in=CONX&crse_numb_in=23006&crn_in=&seq_numb_in=')]",https://www.bkstr.com/webapp/wcs/stores/servlet/booklookServlet?bookstore_id-1=525&term_id-1=Spring+2015&div-1=&dept-1=PSY&course-1=235&section-1=B02,"SeatInfo(max='Max Enroll: 36', taken='Max Enroll: 36', avail='Max Enroll: 36', wait_list='Max Enroll: 36')",Permission of Instructor. ,Tuesday Thursday 9:30  - 10:50 
487,PSY,"ClassNumber(num='PSY-241 B', link='https://weblprod1.wheatonma.edu/PROD/bzcrschd.P_ViewCourseDescription?term_in=201520&subj_code_in=PSY&crse_numb_in=241&crn_in=10230&seq_numb_in=B')","ClassExam(letter='R.', link='https://weblprod1.wheatonma.edu/PROD/bzcrschd.P_DispExamInfo?exam_code=R.&course=PSY-241 B&term_code=201520&term_desc=Spring 2015&crn=10230')",Personality-The Study of Lives,10230,['M W 5:00 PM - 6:20 PM'],['Meneely Hall 102'],"[ClassInstructor(name='Kavanagh, Megan M.', link='https://wheatoncollege.edu/academics/faculty-directory/Megan-Kavanagh/')]",,DVSS,ARSS,[],https://www.bkstr.com/webapp/wcs/stores/servlet/booklookServlet?bookstore_id-1=525&term_id-1=Spring+2015&div-1=&dept-1=PSY&course-1=241&section-1=B,"SeatInfo(max='Max Enroll: 36', taken='Max Enroll: 36', avail='Max Enroll: 36', wait_list='Max Enroll: 36')",Permission of Instructor. ,Monday Wednesday 5:00  - 6:20 
488,PSY,"ClassNumber(num='PSY-251 B', link='https://weblprod1.wheatonma.edu/PROD/bzcrschd.P_ViewCourseDescription?term_in=201520&subj_code_in=PSY&crse_numb_in=251&crn_in=10233&seq_numb_in=B')","ClassExam(letter='U.', link='https://weblprod1.wheatonma.edu/PROD/bzcrschd.P_DispExamInfo?exam_code=U.&course=PSY-251 B&term_code=201520&term_desc=Spring 2015&crn=10233')",Multicultural Psychology,10233,['T R 12:30 PM - 1:50 PM'],['Meneely Hall 105'],"[ClassInstructor(name='Fhagen, Peony E.', link='https://wheatoncollege.edu/academics/faculty-directory/Peony-Fhagen/')]",,DVSS,ARSS,"[ClassConx(num='2316', link='https://weblprod1.wheatonma.edu/PROD/bzcrschd.P_ViewCourseDescription?term_in=201520&subj_code_in=CONX&crse_numb_in=23016&crn_in=&seq_numb_in=')]",https://www.bkstr.com/webapp/wcs/stores/servlet/booklookServlet?bookstore_id-1=525&term_id-1=Spring+2015&div-1=&dept-1=PSY&course-1=251&section-1=B,"SeatInfo(max='Max Enroll: 36', taken='Max Enroll: 36', avail='Max Enroll: 36', wait_list='Max Enroll: 36')",Permission of Instructor. ,Tuesday Thursday 12:30  - 1:50 
489,PSY,"ClassNumber(num='PSY-265 B', link='https://weblprod1.wheatonma.edu/PROD/bzcrschd.P_ViewCourseDescription?term_in=201520&subj_code_in=PSY&crse_numb_in=265&crn_in=10231&seq_numb_in=B')","ClassExam(letter='I.', link='https://weblprod1.wheatonma.edu/PROD/bzcrschd.P_DispExamInfo?exam_code=I.&course=PSY-265 B&term_code=201520&term_desc=Spring 2015&crn=10231')",Health Psychology,10231,['T R 12:30 PM - 1:50 PM'],['Meneely Hall 209'],"[ClassInstructor(name='Berg, Michael B.', link='https://wheatoncollege.edu/academics/faculty-directory/Michael-Berg/')]",,DVSS,ARSS,"[ClassConx(num='2005', link='https://weblprod1.wheatonma.edu/PROD/bzcrschd.P_ViewCourseDescription?term_in=201520&subj_code_in=CONX&crse_numb_in=20005&crn_in=&seq_numb_in=')]",https://www.bkstr.com/webapp/wcs/stores/servlet/booklookServlet?bookstore_id-1=525&term_id-1=Spring+2015&div-1=&dept-1=PSY&course-1=265&section-1=B,"SeatInfo(max='Max Enroll: 36', taken='Max Enroll: 36', avail='Max Enroll: 36', wait_list='Max Enroll: 36')",Permission of Instructor. ,Tuesday Thursday 12:30  - 1:50 
490,PSY,"ClassNumber(num='PSY-290 B', link='https://weblprod1.wheatonma.edu/PROD/bzcrschd.P_ViewCourseDescription?term_in=201520&subj_code_in=PSY&crse_numb_in=290&crn_in=10237&seq_numb_in=B')","ClassExam(letter='S.', link='https://weblprod1.wheatonma.edu/PROD/bzcrschd.P_DispExamInfo?exam_code=S.&course=PSY-290 B&term_code=201520&term_desc=Spring 2015&crn=10237')",The Psychology of Women,10237,['M W 5:00 PM - 6:20 PM'],['Balfour-Hood Campus Center MEDIA'],"[ClassInstructor(name='Orchowski, Lindsay M.', link='https://wheatoncollege.edu/academics/faculty-directory/Lindsay-Orchowski/')]",,DVSS,ARSS,"[ClassConx(num='2304', link='https://weblprod1.wheatonma.edu/PROD/bzcrschd.P_ViewCourseDescription?term_in=201520&subj_code_in=CONX&crse_numb_in=23004&crn_in=&seq_numb_in='), ClassConx(num='2305', link='https://weblprod1.wheatonma.edu/PROD/bzcrschd.P_ViewCourseDescription?term_in=201520&subj_code_in=CONX&crse_numb_in=23005&crn_in=&seq_numb_in=')]",https://www.bkstr.com/webapp/wcs/stores/servlet/booklookServlet?bookstore_id-1=525&term_id-1=Spring+2015&div-1=&dept-1=PSY&course-1=290&section-1=B,"SeatInfo(max='Max Enroll: 36', taken='Max Enroll: 36', avail='Max Enroll: 36', wait_list='Max Enroll: 36')",Permission of Instructor. ,Monday Wednesday 5:00  - 6:20 
491,PSY,"ClassNumber(num='PSY-312 B', link='https://weblprod1.wheatonma.edu/PROD/bzcrschd.P_ViewCourseDescription?term_in=201520&subj_code_in=PSY&crse_numb_in=312&crn_in=10213&seq_numb_in=B')","ClassExam(letter='L.', link='https://weblprod1.wheatonma.edu/PROD/bzcrschd.P_DispExamInfo?exam_code=L.&course=PSY-312 B&term_code=201520&term_desc=Spring 2015&crn=10213')",Perception,10213,['M W 3:30 PM - 4:50 PM'],['Mars Center-Science/Technology 1141'],"[ClassInstructor(name='Nelson, Rolf A.', link='https://wheatoncollege.edu/academics/faculty-directory/Rolf-Nelson/')]",,DVSS,ARSS,"[ClassConx(num='2061', link='https://weblprod1.wheatonma.edu/PROD/bzcrschd.P_ViewCourseDescription?term_in=201520&subj_code_in=CONX&crse_numb_in=20061&crn_in=&seq_numb_in='), ClassConx(num='2312', link='https://weblprod1.wheatonma.edu/PROD/bzcrschd.P_ViewCourseDescription?term_in=201520&subj_code_in=CONX&crse_numb_in=23012&crn_in=&seq_numb_in=')]",https://www.bkstr.com/webapp/wcs/stores/servlet/booklookServlet?bookstore_id-1=525&term_id-1=Spring+2015&div-1=&dept-1=PSY&course-1=312&section-1=B,"SeatInfo(max='Max Enroll: 18', taken='Max Enroll: 18', avail='Max Enroll: 18', wait_list='Max Enroll: 18')",Permission of Instructor. ,Monday Wednesday 3:30  - 4:50 
492,PSY,"ClassNumber(num='PSY-328 B', link='https://weblprod1.wheatonma.edu/PROD/bzcrschd.P_ViewCourseDescription?term_in=201520&subj_code_in=PSY&crse_numb_in=328&crn_in=10474&seq_numb_in=B')","ClassExam(letter='R.', link='https://weblprod1.wheatonma.edu/PROD/bzcrschd.P_DispExamInfo?exam_code=R.&course=PSY-328 B&term_code=201520&term_desc=Spring 2015&crn=10474')",Psychology and Law,10474,['M W 2:00 PM - 3:20 PM'],['Meneely Hall 208'],"[ClassInstructor(name='Appleby, Sara', link='https://wheatoncollege.edu/academics/faculty-directory/Sara-Appleby/')]",,DVSS,ARSS,[],https://www.bkstr.com/webapp/wcs/stores/servlet/booklookServlet?bookstore_id-1=525&term_id-1=Spring+2015&div-1=&dept-1=PSY&course-1=328&section-1=B,"SeatInfo(max='Max Enroll: 18', taken='Max Enroll: 18', avail='Max Enroll: 18', wait_list='Max Enroll: 18')",Permission of Instructor. ,Monday Wednesday 2:00  - 3:20 
493,PSY,"ClassNumber(num='PSY-334 B', link='https://weblprod1.wheatonma.edu/PROD/bzcrschd.P_ViewCourseDescription?term_in=201520&subj_code_in=PSY&crse_numb_in=334&crn_in=10214&seq_numb_in=B')","ClassExam(letter='S.', link='https://weblprod1.wheatonma.edu/PROD/bzcrschd.P_DispExamInfo?exam_code=S.&course=PSY-334 B&term_code=201520&term_desc=Spring 2015&crn=10214')",Practicum in Human Services,10214,['R 8:00 AM - 9:20 AM'],['Knapton Hall 315'],"[ClassInstructor(name='Murphy, Bianca Cody', link='https://wheatoncollege.edu/academics/faculty-directory/')]",,DVSS,ARSS,[],https://www.bkstr.com/webapp/wcs/stores/servlet/booklookServlet?bookstore_id-1=525&term_id-1=Spring+2015&div-1=&dept-1=PSY&course-1=334&section-1=B,"SeatInfo(max='Max Enroll: 18', taken='Max Enroll: 18', avail='Max Enroll: 18', wait_list='Max Enroll: 18')",Permission of Instructor. ,Thursday 8:00  - 9:20 
494,PSY,"ClassNumber(num='PSY-337 B', link='https://weblprod1.wheatonma.edu/PROD/bzcrschd.P_ViewCourseDescription?term_in=201520&subj_code_in=PSY&crse_numb_in=337&crn_in=10206&seq_numb_in=B')","ClassExam(letter='S.', link='https://weblprod1.wheatonma.edu/PROD/bzcrschd.P_DispExamInfo?exam_code=S.&course=PSY-337 B&term_code=201520&term_desc=Spring 2015&crn=10206')",Practicum in Psych Research,10206,['W 8:30 AM - 10:20 AM'],['Mars Center-Science/Technology 1120'],"[ClassInstructor(name='Nelson, Rolf A.', link='https://wheatoncollege.edu/academics/faculty-directory/Rolf-Nelson/')]",,DVSS,ARSS,[],https://www.bkstr.com/webapp/wcs/stores/servlet/booklookServlet?bookstore_id-1=525&term_id-1=Spring+2015&div-1=&dept-1=PSY&course-1=337&section-1=B,"SeatInfo(max='Max Enroll: 18', taken='Max Enroll: 18', avail='Max Enroll: 18', wait_list='Max Enroll: 18')",Permission of Instructor. ,Wednesday 8:30  - 10:20 
495,PSY,"ClassNumber(num='PSY-341 B', link='https://weblprod1.wheatonma.edu/PROD/bzcrschd.P_ViewCourseDescription?term_in=201520&subj_code_in=PSY&crse_numb_in=341&crn_in=10223&seq_numb_in=B')","ClassExam(letter='M.', link='https://weblprod1.wheatonma.edu/PROD/bzcrschd.P_DispExamInfo?exam_code=M.&course=PSY-341 B&term_code=201520&term_desc=Spring 2015&crn=10223')",Lab in Behavioral Neuroscience,10223,['T R 9:30 AM - 10:50 AM'],['Mars Center-Science/Technology 1145'],"[ClassInstructor(name='Kirkpatrick, Meg E.', link='https://wheatoncollege.edu/academics/faculty-directory/Meg-Kirkpatrick/')]",,DVNS,ARNS,[],https://www.bkstr.com/webapp/wcs/stores/servlet/booklookServlet?bookstore_id-1=525&term_id-1=Spring+2015&div-1=&dept-1=PSY&course-1=341&section-1=B,"SeatInfo(max='Max Enroll: 18', taken='Max Enroll: 18', avail='Max Enroll: 18', wait_list='Max Enroll: 18')",Permission of Instructor. ,Tuesday Thursday 9:30  - 10:50 
496,PSY,"ClassNumber(num='PSY-341 L', link='https://weblprod1.wheatonma.edu/PROD/bzcrschd.P_ViewCourseDescription?term_in=201520&subj_code_in=PSY&crse_numb_in=341&crn_in=10224&seq_numb_in=L')","ClassExam(letter='', link='')",Behavioral Neuroscience Lab,10224,['R 2:00 PM - 4:50 PM'],['Mars Center-Science/Technology 1145'],"[ClassInstructor(name='Kirkpatrick, Meg E.', link='https://wheatoncollege.edu/academics/faculty-directory/Meg-Kirkpatrick/')]",,,,[],https://www.bkstr.com/webapp/wcs/stores/servlet/booklookServlet?bookstore_id-1=525&term_id-1=Spring+2015&div-1=&dept-1=PSY&course-1=341&section-1=L,"SeatInfo(max='Max Enroll: 18', taken='Max Enroll: 18', avail='Max Enroll: 18', wait_list='Max Enroll: 18')",Permission of Instructor. ,Thursday 2:00  - 4:50 
497,PSY,"ClassNumber(num='PSY-367 B', link='https://weblprod1.wheatonma.edu/PROD/bzcrschd.P_ViewCourseDescription?term_in=201520&subj_code_in=PSY&crse_numb_in=367&crn_in=10234&seq_numb_in=B')","ClassExam(letter='S.', link='https://weblprod1.wheatonma.edu/PROD/bzcrschd.P_DispExamInfo?exam_code=S.&course=PSY-367 B&term_code=201520&term_desc=Spring 2015&crn=10234')",Cognitive Neuroscience,10234,['T R 2:00 PM - 3:20 PM'],['Science Center B234'],"[ClassInstructor(name='Reiss, Jason E.', link='https://wheatoncollege.edu/academics/faculty-directory/Jason-Reiss/')]",,DVSS,ARSS,[],https://www.bkstr.com/webapp/wcs/stores/servlet/booklookServlet?bookstore_id-1=525&term_id-1=Spring+2015&div-1=&dept-1=PSY&course-1=367&section-1=B,"SeatInfo(max='Max Enroll: 18', taken='Max Enroll: 18', avail='Max Enroll: 18', wait_list='Max Enroll: 18')",Permission of Instructor. ,Tuesday Thursday 2:00  - 3:20 
498,PSY,"ClassNumber(num='PSY-369 B', link='https://weblprod1.wheatonma.edu/PROD/bzcrschd.P_ViewCourseDescription?term_in=201520&subj_code_in=PSY&crse_numb_in=369&crn_in=10227&seq_numb_in=B')","ClassExam(letter='S.', link='https://weblprod1.wheatonma.edu/PROD/bzcrschd.P_DispExamInfo?exam_code=S.&course=PSY-369 B&term_code=201520&term_desc=Spring 2015&crn=10227')",Clinical Psychology,10227,['T R 11:00 AM - 12:20 PM'],['Meneely Hall 209'],"[ClassInstructor(name='Murphy, Bianca Cody', link='https://wheatoncollege.edu/academics/faculty-directory/')]",,DVSS,ARSS,[],https://www.bkstr.com/webapp/wcs/stores/servlet/booklookServlet?bookstore_id-1=525&term_id-1=Spring+2015&div-1=&dept-1=PSY&course-1=369&section-1=B,"SeatInfo(max='Max Enroll: 18', taken='Max Enroll: 18', avail='Max Enroll: 18', wait_list='Max Enroll: 18')",Permission of Instructor. ,Tuesday Thursday 11:00  - 12:20 
499,PSY,"ClassNumber(num='PSY-370 B', link='https://weblprod1.wheatonma.edu/PROD/bzcrschd.P_ViewCourseDescription?term_in=201520&subj_code_in=PSY&crse_numb_in=370&crn_in=10441&seq_numb_in=B')","ClassExam(letter='R.', link='https://weblprod1.wheatonma.edu/PROD/bzcrschd.P_DispExamInfo?exam_code=R.&course=PSY-370 B&term_code=201520&term_desc=Spring 2015&crn=10441')",Moral Development,10441,['M W 12:30 PM - 1:50 PM'],['Mars Center-Science/Technology 1120'],"[ClassInstructor(name='Gingo, Matthew', link='https://wheatoncollege.edu/academics/faculty-directory/Matthew-Gingo/')]",,DVSS,ARSS,[],https://www.bkstr.com/webapp/wcs/stores/servlet/booklookServlet?bookstore_id-1=525&term_id-1=Spring+2015&div-1=&dept-1=PSY&course-1=370&section-1=B,"SeatInfo(max='Max Enroll: 18', taken='Max Enroll: 18', avail='Max Enroll: 18', wait_list='Max Enroll: 18')",Permission of Instructor. ,Monday Wednesday 12:30  - 1:50 
500,PSY,"ClassNumber(num='PSY-399 B01', link='https://weblprod1.wheatonma.edu/PROD/bzcrschd.P_ViewCourseDescription?term_in=201520&subj_code_in=PSY&crse_numb_in=399&crn_in=10630&seq_numb_in=B01')","ClassExam(letter='J.', link='https://weblprod1.wheatonma.edu/PROD/bzcrschd.P_DispExamInfo?exam_code=J.&course=PSY-399 B01&term_code=201520&term_desc=Spring 2015&crn=10630')",Independent Study,10630,['TBA'],['Location info TBA'],"[ClassInstructor(name='Reiss, Jason E.', link='https://wheatoncollege.edu/academics/faculty-directory/Jason-Reiss/')]",,,,[],https://www.bkstr.com/webapp/wcs/stores/servlet/booklookServlet?bookstore_id-1=525&term_id-1=Spring+2015&div-1=&dept-1=PSY&course-1=399&section-1=B01,"SeatInfo(max='Max Enroll: 1', taken='Max Enroll: 1', avail='Max Enroll: 1', wait_list='Max Enroll: 1')",Permission of Instructor. ,
501,PSY,"ClassNumber(num='PSY-500 D01', link='https://weblprod1.wheatonma.edu/PROD/bzcrschd.P_ViewCourseDescription?term_in=201520&subj_code_in=PSY&crse_numb_in=500&crn_in=10559&seq_numb_in=D01')","ClassExam(letter='J.', link='https://weblprod1.wheatonma.edu/PROD/bzcrschd.P_DispExamInfo?exam_code=J.&course=PSY-500 D01&term_code=201520&term_desc=Spring 2015&crn=10559')",Individual Research,10559,['TBA'],['Location info TBA'],"[ClassInstructor(name='Fhagen, Peony E.', link='https://wheatoncollege.edu/academics/faculty-directory/Peony-Fhagen/')]",,,,[],https://www.bkstr.com/webapp/wcs/stores/servlet/booklookServlet?bookstore_id-1=525&term_id-1=Spring+2015&div-1=&dept-1=PSY&course-1=500&section-1=D01,"SeatInfo(max='Max Enroll: 1', taken='Max Enroll: 1', avail='Max Enroll: 1', wait_list='Max Enroll: 1')",Permission of Instructor. ,
502,PH,"ClassNumber(num='PH-399 B01', link='https://weblprod1.wheatonma.edu/PROD/bzcrschd.P_ViewCourseDescription?term_in=201520&subj_code_in=PH&crse_numb_in=399&crn_in=10590&seq_numb_in=B01')","ClassExam(letter='J.', link='https://weblprod1.wheatonma.edu/PROD/bzcrschd.P_DispExamInfo?exam_code=J.&course=PH-399 B01&term_code=201520&term_desc=Spring 2015&crn=10590')",Ind Stdy: Public Health,10590,['TBA'],['Location info TBA'],"[ClassInstructor(name='Berg, Michael B.', link='https://wheatoncollege.edu/academics/faculty-directory/Michael-Berg/')]",,,,[],https://www.bkstr.com/webapp/wcs/stores/servlet/booklookServlet?bookstore_id-1=525&term_id-1=Spring+2015&div-1=&dept-1=PH&course-1=399&section-1=B01,"SeatInfo(max='Max Enroll: 2', taken='Max Enroll: 2', avail='Max Enroll: 2', wait_list='Max Enroll: 2')",,
503,PH,"ClassNumber(num='PH-399 B02', link='https://weblprod1.wheatonma.edu/PROD/bzcrschd.P_ViewCourseDescription?term_in=201520&subj_code_in=PH&crse_numb_in=399&crn_in=10651&seq_numb_in=B02')","ClassExam(letter='J.', link='https://weblprod1.wheatonma.edu/PROD/bzcrschd.P_DispExamInfo?exam_code=J.&course=PH-399 B02&term_code=201520&term_desc=Spring 2015&crn=10651')",Ind Stdy: Public Health,10651,['TBA'],['Location info TBA'],"[ClassInstructor(name='Kerner, Donna O.', link='https://wheatoncollege.edu/academics/faculty-directory/Donna-o-Kerner/')]",,,,[],https://www.bkstr.com/webapp/wcs/stores/servlet/booklookServlet?bookstore_id-1=525&term_id-1=Spring+2015&div-1=&dept-1=PH&course-1=399&section-1=B02,"SeatInfo(max='Max Enroll: 2', taken='Max Enroll: 2', avail='Max Enroll: 2', wait_list='Max Enroll: 2')",,
504,PH,"ClassNumber(num='PH-399 B03', link='https://weblprod1.wheatonma.edu/PROD/bzcrschd.P_ViewCourseDescription?term_in=201520&subj_code_in=PH&crse_numb_in=399&crn_in=10652&seq_numb_in=B03')","ClassExam(letter='J.', link='https://weblprod1.wheatonma.edu/PROD/bzcrschd.P_DispExamInfo?exam_code=J.&course=PH-399 B03&term_code=201520&term_desc=Spring 2015&crn=10652')",Ind Stdy: Public Health,10652,['TBA'],['Location info TBA'],"[ClassInstructor(name='Torres, M. Gabriela', link='https://wheatoncollege.edu/academics/faculty-directory/M. Gabriela-Torres/')]",,,,[],https://www.bkstr.com/webapp/wcs/stores/servlet/booklookServlet?bookstore_id-1=525&term_id-1=Spring+2015&div-1=&dept-1=PH&course-1=399&section-1=B03,"SeatInfo(max='Max Enroll: 1', taken='Max Enroll: 1', avail='Max Enroll: 1', wait_list='Max Enroll: 1')",,
505,REL,"ClassNumber(num='REL-108 B', link='https://weblprod1.wheatonma.edu/PROD/bzcrschd.P_ViewCourseDescription?term_in=201520&subj_code_in=REL&crse_numb_in=108&crn_in=10184&seq_numb_in=B')","ClassExam(letter='T.', link='https://weblprod1.wheatonma.edu/PROD/bzcrschd.P_DispExamInfo?exam_code=T.&course=REL-108 B&term_code=201520&term_desc=Spring 2015&crn=10184')",Engaged Buddhism,10184,['T R 9:30 AM - 10:50 AM'],['Meneely Hall 301'],"[ClassInstructor(name='Timm, Jeffrey R.', link='https://wheatoncollege.edu/academics/faculty-directory/')]",BW,DVAH,ARHM,[],https://www.bkstr.com/webapp/wcs/stores/servlet/booklookServlet?bookstore_id-1=525&term_id-1=Spring+2015&div-1=&dept-1=REL&course-1=108&section-1=B,"SeatInfo(max='Max Enroll: 45', taken='Max Enroll: 45', avail='Max Enroll: 45', wait_list='Max Enroll: 45')",Permission of Instructor. ,Tuesday Thursday 9:30  - 10:50 
506,REL,"ClassNumber(num='REL-110 B', link='https://weblprod1.wheatonma.edu/PROD/bzcrschd.P_ViewCourseDescription?term_in=201520&subj_code_in=REL&crse_numb_in=110&crn_in=10186&seq_numb_in=B')","ClassExam(letter='T.', link='https://weblprod1.wheatonma.edu/PROD/bzcrschd.P_DispExamInfo?exam_code=T.&course=REL-110 B&term_code=201520&term_desc=Spring 2015&crn=10186')",Literature of New Testament,10186,['M W F 9:30 AM - 10:20 AM'],['Meneely Hall 102'],"[ClassInstructor(name='Brumberg-Kraus, Jonathan D.', link='https://wheatoncollege.edu/academics/faculty-directory/Jonathan-Brumberg-Kraus/')]",,DVAH,ARHM,[],https://www.bkstr.com/webapp/wcs/stores/servlet/booklookServlet?bookstore_id-1=525&term_id-1=Spring+2015&div-1=&dept-1=REL&course-1=110&section-1=B,"SeatInfo(max='Max Enroll: 45', taken='Max Enroll: 45', avail='Max Enroll: 45', wait_list='Max Enroll: 45')",Limited to 45. ,Monday Wednesday Friday 9:30  - 10:20 
507,REL,"ClassNumber(num='REL-142 B', link='https://weblprod1.wheatonma.edu/PROD/bzcrschd.P_ViewCourseDescription?term_in=201520&subj_code_in=REL&crse_numb_in=142&crn_in=10189&seq_numb_in=B')","ClassExam(letter='R.', link='https://weblprod1.wheatonma.edu/PROD/bzcrschd.P_DispExamInfo?exam_code=R.&course=REL-142 B&term_code=201520&term_desc=Spring 2015&crn=10189')",Religion and Sexuality,10189,['T R 12:30 PM - 1:50 PM'],['Meneely Hall 102'],"[ClassInstructor(name='Darling-Smith, Barbara', link='https://wheatoncollege.edu/academics/faculty-directory/Barbara-Darling-Smith/')]",,DVAH,ARHM,"[ClassConx(num='2078', link='https://weblprod1.wheatonma.edu/PROD/bzcrschd.P_ViewCourseDescription?term_in=201520&subj_code_in=CONX&crse_numb_in=20078&crn_in=&seq_numb_in=')]",https://www.bkstr.com/webapp/wcs/stores/servlet/booklookServlet?bookstore_id-1=525&term_id-1=Spring+2015&div-1=&dept-1=REL&course-1=142&section-1=B,"SeatInfo(max='Max Enroll: 35', taken='Max Enroll: 35', avail='Max Enroll: 35', wait_list='Max Enroll: 35')",Permission of Instructor. ,Tuesday Thursday 12:30  - 1:50 
508,REL,"ClassNumber(num='REL-198 B01', link='https://weblprod1.wheatonma.edu/PROD/bzcrschd.P_ViewCourseDescription?term_in=201520&subj_code_in=REL&crse_numb_in=198&crn_in=10575&seq_numb_in=B01')","ClassExam(letter='N.', link='https://weblprod1.wheatonma.edu/PROD/bzcrschd.P_DispExamInfo?exam_code=N.&course=REL-198 B01&term_code=201520&term_desc=Spring 2015&crn=10575')",Introduction to Hinduism,10575,['T R 11:00 AM - 12:20 PM'],['Meneely Hall 105'],"[ClassInstructor(name='Timm, Jeffrey R.', link='https://wheatoncollege.edu/academics/faculty-directory/')]",,,,[],https://www.bkstr.com/webapp/wcs/stores/servlet/booklookServlet?bookstore_id-1=525&term_id-1=Spring+2015&div-1=&dept-1=REL&course-1=198&section-1=B01,"SeatInfo(max='Max Enroll: 999', taken='Max Enroll: 999', avail='Max Enroll: 999', wait_list='Max Enroll: 999')",Permission of Instructor. ,Tuesday Thursday 11:00  - 12:20 
509,REL,"ClassNumber(num='REL-242 B', link='https://weblprod1.wheatonma.edu/PROD/bzcrschd.P_ViewCourseDescription?term_in=201520&subj_code_in=REL&crse_numb_in=242&crn_in=10190&seq_numb_in=B')","ClassExam(letter='R.', link='https://weblprod1.wheatonma.edu/PROD/bzcrschd.P_DispExamInfo?exam_code=R.&course=REL-242 B&term_code=201520&term_desc=Spring 2015&crn=10190')",Religion and Ecology,10190,['W 2:00 PM - 4:50 PM'],['Meneely Hall 105'],"[ClassInstructor(name='Darling-Smith, Barbara', link='https://wheatoncollege.edu/academics/faculty-directory/Barbara-Darling-Smith/')]",,DVAH,ARHM,"[ClassConx(num='2309', link='https://weblprod1.wheatonma.edu/PROD/bzcrschd.P_ViewCourseDescription?term_in=201520&subj_code_in=CONX&crse_numb_in=23009&crn_in=&seq_numb_in=')]",https://www.bkstr.com/webapp/wcs/stores/servlet/booklookServlet?bookstore_id-1=525&term_id-1=Spring+2015&div-1=&dept-1=REL&course-1=242&section-1=B,"SeatInfo(max='Max Enroll: 35', taken='Max Enroll: 35', avail='Max Enroll: 35', wait_list='Max Enroll: 35')",Prerequisite: one 100-level Religion course.  Limited to 35. ,Wednesday 2:00  - 4:50 
510,REL,"ClassNumber(num='REL-285 B', link='https://weblprod1.wheatonma.edu/PROD/bzcrschd.P_ViewCourseDescription?term_in=201520&subj_code_in=REL&crse_numb_in=285&crn_in=10489&seq_numb_in=B')","ClassExam(letter='S.', link='https://weblprod1.wheatonma.edu/PROD/bzcrschd.P_DispExamInfo?exam_code=S.&course=REL-285 B&term_code=201520&term_desc=Spring 2015&crn=10489')",Russian Jewish Culture,10489,['T R 11:00 AM - 12:20 PM'],['Science Center 1313'],"[ClassInstructor(name='Brumberg-Kraus, Jonathan D.', link='https://wheatoncollege.edu/academics/faculty-directory/Jonathan-Brumberg-Kraus/'), ClassInstructor(name='Dolack, Thomas W.', link='https://wheatoncollege.edu/academics/faculty-directory/tdolack/')]",,,,[],https://www.bkstr.com/webapp/wcs/stores/servlet/booklookServlet?bookstore_id-1=525&term_id-1=Spring+2015&div-1=&dept-1=REL&course-1=285&section-1=B,"SeatInfo(max='Max Enroll: 6', taken='Max Enroll: 6', avail='Max Enroll: 6', wait_list='Max Enroll: 6')",Register under RUSS 285.  Course taught in English. ,Tuesday Thursday 11:00  - 12:20 
511,REL,"ClassNumber(num='REL-365 B', link='https://weblprod1.wheatonma.edu/PROD/bzcrschd.P_ViewCourseDescription?term_in=201520&subj_code_in=REL&crse_numb_in=365&crn_in=10506&seq_numb_in=B')","ClassExam(letter='S.', link='https://weblprod1.wheatonma.edu/PROD/bzcrschd.P_DispExamInfo?exam_code=S.&course=REL-365 B&term_code=201520&term_desc=Spring 2015&crn=10506')",Smells and Bells,10506,['T R 2:00 PM - 3:20 PM'],['Meneely Hall 105'],"[ClassInstructor(name='Brumberg-Kraus, Jonathan D.', link='https://wheatoncollege.edu/academics/faculty-directory/Jonathan-Brumberg-Kraus/')]",BW,DVAH,ARHM,"[ClassConx(num='2302', link='https://weblprod1.wheatonma.edu/PROD/bzcrschd.P_ViewCourseDescription?term_in=201520&subj_code_in=CONX&crse_numb_in=23002&crn_in=&seq_numb_in=')]",https://www.bkstr.com/webapp/wcs/stores/servlet/booklookServlet?bookstore_id-1=525&term_id-1=Spring+2015&div-1=&dept-1=REL&course-1=365&section-1=B,"SeatInfo(max='Max Enroll: 35', taken='Max Enroll: 35', avail='Max Enroll: 35', wait_list='Max Enroll: 35')",Prerequisites: At least one Religion or Neuroscience course preferred though not required. Limited to 35. ,Tuesday Thursday 2:00  - 3:20 
512,REL,"ClassNumber(num='REL-399 B01', link='https://weblprod1.wheatonma.edu/PROD/bzcrschd.P_ViewCourseDescription?term_in=201520&subj_code_in=REL&crse_numb_in=399&crn_in=10621&seq_numb_in=B01')","ClassExam(letter='J.', link='https://weblprod1.wheatonma.edu/PROD/bzcrschd.P_DispExamInfo?exam_code=J.&course=REL-399 B01&term_code=201520&term_desc=Spring 2015&crn=10621')",Ind Stdy: Russ Jewish Culture,10621,['TBA'],['Location info TBA'],"[ClassInstructor(name='Brumberg-Kraus, Jonathan D.', link='https://wheatoncollege.edu/academics/faculty-directory/Jonathan-Brumberg-Kraus/')]",,DVAH,ARHM,[],https://www.bkstr.com/webapp/wcs/stores/servlet/booklookServlet?bookstore_id-1=525&term_id-1=Spring+2015&div-1=&dept-1=REL&course-1=399&section-1=B01,"SeatInfo(max='Max Enroll: 1', taken='Max Enroll: 1', avail='Max Enroll: 1', wait_list='Max Enroll: 1')",By permission of instructor. ,
513,REL,"ClassNumber(num='REL-399 B02', link='https://weblprod1.wheatonma.edu/PROD/bzcrschd.P_ViewCourseDescription?term_in=201520&subj_code_in=REL&crse_numb_in=399&crn_in=10680&seq_numb_in=B02')","ClassExam(letter='J.', link='https://weblprod1.wheatonma.edu/PROD/bzcrschd.P_DispExamInfo?exam_code=J.&course=REL-399 B02&term_code=201520&term_desc=Spring 2015&crn=10680')",Independent Study,10680,['TBA'],['Location info TBA'],"[ClassInstructor(name='Darling-Smith, Barbara', link='https://wheatoncollege.edu/academics/faculty-directory/Barbara-Darling-Smith/')]",,DVAH,ARHM,[],https://www.bkstr.com/webapp/wcs/stores/servlet/booklookServlet?bookstore_id-1=525&term_id-1=Spring+2015&div-1=&dept-1=REL&course-1=399&section-1=B02,"SeatInfo(max='Max Enroll: 1', taken='Max Enroll: 1', avail='Max Enroll: 1', wait_list='Max Enroll: 1')",By permission of instructor. ,
514,REL,"ClassNumber(num='REL-499 B', link='https://weblprod1.wheatonma.edu/PROD/bzcrschd.P_ViewCourseDescription?term_in=201520&subj_code_in=REL&crse_numb_in=499&crn_in=10737&seq_numb_in=B')","ClassExam(letter='J.', link='https://weblprod1.wheatonma.edu/PROD/bzcrschd.P_DispExamInfo?exam_code=J.&course=REL-499 B&term_code=201520&term_desc=Spring 2015&crn=10737')",Independent Research,10737,['TBA'],['Location info TBA'],"[ClassInstructor(name='Brumberg-Kraus, Jonathan D.', link='https://wheatoncollege.edu/academics/faculty-directory/Jonathan-Brumberg-Kraus/')]",,,,[],https://www.bkstr.com/webapp/wcs/stores/servlet/booklookServlet?bookstore_id-1=525&term_id-1=Spring+2015&div-1=&dept-1=REL&course-1=499&section-1=B,"SeatInfo(max='Max Enroll: 1', taken='Max Enroll: 1', avail='Max Enroll: 1', wait_list='Max Enroll: 1')",Permission of Instructor. ,
515,REL,"ClassNumber(num='REL-500 D01', link='https://weblprod1.wheatonma.edu/PROD/bzcrschd.P_ViewCourseDescription?term_in=201520&subj_code_in=REL&crse_numb_in=500&crn_in=10564&seq_numb_in=D01')","ClassExam(letter='J.', link='https://weblprod1.wheatonma.edu/PROD/bzcrschd.P_DispExamInfo?exam_code=J.&course=REL-500 D01&term_code=201520&term_desc=Spring 2015&crn=10564')",Individual Research,10564,['TBA'],['Location info TBA'],"[ClassInstructor(name='Brumberg-Kraus, Jonathan D.', link='https://wheatoncollege.edu/academics/faculty-directory/Jonathan-Brumberg-Kraus/')]",,DVAH,ARHM,[],https://www.bkstr.com/webapp/wcs/stores/servlet/booklookServlet?bookstore_id-1=525&term_id-1=Spring+2015&div-1=&dept-1=REL&course-1=500&section-1=D01,"SeatInfo(max='Max Enroll: 1', taken='Max Enroll: 1', avail='Max Enroll: 1', wait_list='Max Enroll: 1')",Permission of Instructor. ,
516,RUSS,"ClassNumber(num='RUSS-099 B02', link='https://weblprod1.wheatonma.edu/PROD/bzcrschd.P_ViewCourseDescription?term_in=201520&subj_code_in=RUSS&crse_numb_in=099&crn_in=10683&seq_numb_in=B02')","ClassExam(letter='J.', link='https://weblprod1.wheatonma.edu/PROD/bzcrschd.P_DispExamInfo?exam_code=J.&course=RUSS-099 B02&term_code=201520&term_desc=Spring 2015&crn=10683')",Ind Stdy: Poetry,10683,['TBA'],['Location info TBA'],"[ClassInstructor(name='Rosset, Francoise', link='https://wheatoncollege.edu/academics/faculty-directory/Francoise-Rosset/')]",,,,[],https://www.bkstr.com/webapp/wcs/stores/servlet/booklookServlet?bookstore_id-1=525&term_id-1=Spring+2015&div-1=&dept-1=RUSS&course-1=099&section-1=B02,"SeatInfo(max='Max Enroll: 3', taken='Max Enroll: 3', avail='Max Enroll: 3', wait_list='Max Enroll: 3')",Permission of Instructor. ,
517,RUSS,"ClassNumber(num='RUSS-111 B', link='https://weblprod1.wheatonma.edu/PROD/bzcrschd.P_ViewCourseDescription?term_in=201520&subj_code_in=RUSS&crse_numb_in=111&crn_in=10077&seq_numb_in=B')","ClassExam(letter='D.', link='https://weblprod1.wheatonma.edu/PROD/bzcrschd.P_DispExamInfo?exam_code=D.&course=RUSS-111 B&term_code=201520&term_desc=Spring 2015&crn=10077')",Beginning Russian II,10077,"['M W F 11:30 AM - 12:20 PM', 'T R 2:00 PM - 3:00 PM']",['Meneely Hall 306'],"[ClassInstructor(name='Dolack, Thomas W.', link='https://wheatoncollege.edu/academics/faculty-directory/tdolack/')]",FL,,,[],https://www.bkstr.com/webapp/wcs/stores/servlet/booklookServlet?bookstore_id-1=525&term_id-1=Spring+2015&div-1=&dept-1=RUSS&course-1=111&section-1=B,"SeatInfo(max='Max Enroll: 999', taken='Max Enroll: 999', avail='Max Enroll: 999', wait_list='Max Enroll: 999')",Prerequisite: RUSS 110 or Permission of Instructor. One Additional Hour TBA. ,Monday Wednesday Friday 11:30  - 12:20  Tuesday Thursday 2:00  - 3:00 
518,RUSS,"ClassNumber(num='RUSS-211 B', link='https://weblprod1.wheatonma.edu/PROD/bzcrschd.P_ViewCourseDescription?term_in=201520&subj_code_in=RUSS&crse_numb_in=211&crn_in=10078&seq_numb_in=B')","ClassExam(letter='D.', link='https://weblprod1.wheatonma.edu/PROD/bzcrschd.P_DispExamInfo?exam_code=D.&course=RUSS-211 B&term_code=201520&term_desc=Spring 2015&crn=10078')",Intermediate Russian II,10078,['M W F 11:30 AM - 12:20 PM'],['Knapton Hall 315'],"[ClassInstructor(name='Rosset, Francoise', link='https://wheatoncollege.edu/academics/faculty-directory/Francoise-Rosset/')]",FL,,ARHM,[],https://www.bkstr.com/webapp/wcs/stores/servlet/booklookServlet?bookstore_id-1=525&term_id-1=Spring+2015&div-1=&dept-1=RUSS&course-1=211&section-1=B,"SeatInfo(max='Max Enroll: 999', taken='Max Enroll: 999', avail='Max Enroll: 999', wait_list='Max Enroll: 999')","Prerequisite: RUSS 210 or equivalent, or Permission of Instructor. ",Monday Wednesday Friday 11:30  - 12:20 
519,RUSS,"ClassNumber(num='RUSS-242 B', link='https://weblprod1.wheatonma.edu/PROD/bzcrschd.P_ViewCourseDescription?term_in=201520&subj_code_in=RUSS&crse_numb_in=242&crn_in=10537&seq_numb_in=B')","ClassExam(letter='I.', link='https://weblprod1.wheatonma.edu/PROD/bzcrschd.P_DispExamInfo?exam_code=I.&course=RUSS-242 B&term_code=201520&term_desc=Spring 2015&crn=10537')",Adv Conv and Grammar,10537,['T R 12:30 PM - 1:50 PM'],['Meneely Hall 303'],"[ClassInstructor(name='Dolack, Thomas W.', link='https://wheatoncollege.edu/academics/faculty-directory/tdolack/')]",FL,,ARHM,[],https://www.bkstr.com/webapp/wcs/stores/servlet/booklookServlet?bookstore_id-1=525&term_id-1=Spring+2015&div-1=&dept-1=RUSS&course-1=242&section-1=B,"SeatInfo(max='Max Enroll: 20', taken='Max Enroll: 20', avail='Max Enroll: 20', wait_list='Max Enroll: 20')","Prerequisite: RUSS 210 or equivalent, or Permission of Instructor. Limited to 20. ",Tuesday Thursday 12:30  - 1:50 
520,RUSS,"ClassNumber(num='RUSS-285 B', link='https://weblprod1.wheatonma.edu/PROD/bzcrschd.P_ViewCourseDescription?term_in=201520&subj_code_in=RUSS&crse_numb_in=285&crn_in=10488&seq_numb_in=B')","ClassExam(letter='S.', link='https://weblprod1.wheatonma.edu/PROD/bzcrschd.P_DispExamInfo?exam_code=S.&course=RUSS-285 B&term_code=201520&term_desc=Spring 2015&crn=10488')",Russian Jewish Culture,10488,['T R 11:00 AM - 12:20 PM'],['Science Center 1313'],"[ClassInstructor(name='Brumberg-Kraus, Jonathan D.', link='https://wheatoncollege.edu/academics/faculty-directory/Jonathan-Brumberg-Kraus/'), ClassInstructor(name='Dolack, Thomas W.', link='https://wheatoncollege.edu/academics/faculty-directory/tdolack/')]",,DVAH,ARHM,[],https://www.bkstr.com/webapp/wcs/stores/servlet/booklookServlet?bookstore_id-1=525&term_id-1=Spring+2015&div-1=&dept-1=RUSS&course-1=285&section-1=B,"SeatInfo(max='Max Enroll: 999', taken='Max Enroll: 999', avail='Max Enroll: 999', wait_list='Max Enroll: 999')",Cross-listed with REL 285. Course taught in English. ,Tuesday Thursday 11:00  - 12:20 
521,RUSS,"ClassNumber(num='RUSS-399 B01', link='https://weblprod1.wheatonma.edu/PROD/bzcrschd.P_ViewCourseDescription?term_in=201520&subj_code_in=RUSS&crse_numb_in=399&crn_in=10645&seq_numb_in=B01')","ClassExam(letter='J.', link='https://weblprod1.wheatonma.edu/PROD/bzcrschd.P_DispExamInfo?exam_code=J.&course=RUSS-399 B01&term_code=201520&term_desc=Spring 2015&crn=10645')",Ind Stdy: Russ-Jewish Culture,10645,['TBA'],['Location info TBA'],"[ClassInstructor(name='Dolack, Thomas W.', link='https://wheatoncollege.edu/academics/faculty-directory/tdolack/')]",,,,[],https://www.bkstr.com/webapp/wcs/stores/servlet/booklookServlet?bookstore_id-1=525&term_id-1=Spring+2015&div-1=&dept-1=RUSS&course-1=399&section-1=B01,"SeatInfo(max='Max Enroll: 1', taken='Max Enroll: 1', avail='Max Enroll: 1', wait_list='Max Enroll: 1')",Permission of Instructor. ,
522,RUSS,"ClassNumber(num='RUSS-399 B02', link='https://weblprod1.wheatonma.edu/PROD/bzcrschd.P_ViewCourseDescription?term_in=201520&subj_code_in=RUSS&crse_numb_in=399&crn_in=10731&seq_numb_in=B02')","ClassExam(letter='J.', link='https://weblprod1.wheatonma.edu/PROD/bzcrschd.P_DispExamInfo?exam_code=J.&course=RUSS-399 B02&term_code=201520&term_desc=Spring 2015&crn=10731')",Ind Stdy: Adv Convs & Grammar,10731,['TBA'],['Location info TBA'],"[ClassInstructor(name='Dolack, Thomas W.', link='https://wheatoncollege.edu/academics/faculty-directory/tdolack/')]",,,,[],https://www.bkstr.com/webapp/wcs/stores/servlet/booklookServlet?bookstore_id-1=525&term_id-1=Spring+2015&div-1=&dept-1=RUSS&course-1=399&section-1=B02,"SeatInfo(max='Max Enroll: 1', taken='Max Enroll: 1', avail='Max Enroll: 1', wait_list='Max Enroll: 1')",Permission of Instructor. ,
523,SOC,"ClassNumber(num='SOC-190 B01', link='https://weblprod1.wheatonma.edu/PROD/bzcrschd.P_ViewCourseDescription?term_in=201520&subj_code_in=SOC&crse_numb_in=190&crn_in=10151&seq_numb_in=B01')","ClassExam(letter='S.', link='https://weblprod1.wheatonma.edu/PROD/bzcrschd.P_DispExamInfo?exam_code=S.&course=SOC-190 B01&term_code=201520&term_desc=Spring 2015&crn=10151')",Self and Society,10151,['T R 2:00 PM - 3:20 PM'],['Meneely Hall 201'],"[ClassInstructor(name='Yllo, Kersti', link='https://wheatoncollege.edu/academics/faculty-directory/Kersti-Yllo/')]",,DVSS,ARSS,"[ClassConx(num='2092', link='https://weblprod1.wheatonma.edu/PROD/bzcrschd.P_ViewCourseDescription?term_in=201520&subj_code_in=CONX&crse_numb_in=20092&crn_in=&seq_numb_in=')]",https://www.bkstr.com/webapp/wcs/stores/servlet/booklookServlet?bookstore_id-1=525&term_id-1=Spring+2015&div-1=&dept-1=SOC&course-1=190&section-1=B01,"SeatInfo(max='Max Enroll: 25', taken='Max Enroll: 25', avail='Max Enroll: 25', wait_list='Max Enroll: 25')",Permission of Instructor. ,Tuesday Thursday 2:00  - 3:20 
524,SOC,"ClassNumber(num='SOC-190 B02', link='https://weblprod1.wheatonma.edu/PROD/bzcrschd.P_ViewCourseDescription?term_in=201520&subj_code_in=SOC&crse_numb_in=190&crn_in=10565&seq_numb_in=B02')","ClassExam(letter='R.', link='https://weblprod1.wheatonma.edu/PROD/bzcrschd.P_DispExamInfo?exam_code=R.&course=SOC-190 B02&term_code=201520&term_desc=Spring 2015&crn=10565')",Self and Society,10565,['M W 12:30 PM - 1:50 PM'],['Meneely Hall 208'],"[ClassInstructor(name='Kim, Hyun S.', link='https://wheatoncollege.edu/academics/faculty-directory/hyun-sook-kim/')]",,DVSS,ARSS,"[ClassConx(num='2092', link='https://weblprod1.wheatonma.edu/PROD/bzcrschd.P_ViewCourseDescription?term_in=201520&subj_code_in=CONX&crse_numb_in=20092&crn_in=&seq_numb_in=')]",https://www.bkstr.com/webapp/wcs/stores/servlet/booklookServlet?bookstore_id-1=525&term_id-1=Spring+2015&div-1=&dept-1=SOC&course-1=190&section-1=B02,"SeatInfo(max='Max Enroll: 25', taken='Max Enroll: 25', avail='Max Enroll: 25', wait_list='Max Enroll: 25')",Limited to 25. ,Monday Wednesday 12:30  - 1:50 
525,SOC,"ClassNumber(num='SOC-200 B', link='https://weblprod1.wheatonma.edu/PROD/bzcrschd.P_ViewCourseDescription?term_in=201520&subj_code_in=SOC&crse_numb_in=200&crn_in=10154&seq_numb_in=B')","ClassExam(letter='S.', link='https://weblprod1.wheatonma.edu/PROD/bzcrschd.P_DispExamInfo?exam_code=S.&course=SOC-200 B&term_code=201520&term_desc=Spring 2015&crn=10154')",Social Movements,10154,['T R 12:30 PM - 1:50 PM'],['Meneely Hall 307'],"[ClassInstructor(name='Girouard, Jennifer', link='https://wheatoncollege.edu/academics/faculty-directory/Jennifer-Girouard/')]",BW,DVSS,ARSS,"[ClassConx(num='2041', link='https://weblprod1.wheatonma.edu/PROD/bzcrschd.P_ViewCourseDescription?term_in=201520&subj_code_in=CONX&crse_numb_in=20041&crn_in=&seq_numb_in='), ClassConx(num='2311', link='https://weblprod1.wheatonma.edu/PROD/bzcrschd.P_ViewCourseDescription?term_in=201520&subj_code_in=CONX&crse_numb_in=23011&crn_in=&seq_numb_in=')]",https://www.bkstr.com/webapp/wcs/stores/servlet/booklookServlet?bookstore_id-1=525&term_id-1=Spring+2015&div-1=&dept-1=SOC&course-1=200&section-1=B,"SeatInfo(max='Max Enroll: 35', taken='Max Enroll: 35', avail='Max Enroll: 35', wait_list='Max Enroll: 35')",5 seats reserved for First-Year students.  Limited to 35. ,Tuesday Thursday 12:30  - 1:50 
526,SOC,"ClassNumber(num='SOC-210 B', link='https://weblprod1.wheatonma.edu/PROD/bzcrschd.P_ViewCourseDescription?term_in=201520&subj_code_in=SOC&crse_numb_in=210&crn_in=10483&seq_numb_in=B')","ClassExam(letter='R.', link='https://weblprod1.wheatonma.edu/PROD/bzcrschd.P_DispExamInfo?exam_code=R.&course=SOC-210 B&term_code=201520&term_desc=Spring 2015&crn=10483')",Inequality,10483,['M W 2:00 PM - 3:20 PM'],['Meneely Hall 205'],"[ClassInstructor(name='Kim, Hyun S.', link='https://wheatoncollege.edu/academics/faculty-directory/hyun-sook-kim/')]",,DVSS,ARSS,[],https://www.bkstr.com/webapp/wcs/stores/servlet/booklookServlet?bookstore_id-1=525&term_id-1=Spring+2015&div-1=&dept-1=SOC&course-1=210&section-1=B,"SeatInfo(max='Max Enroll: 40', taken='Max Enroll: 40', avail='Max Enroll: 40', wait_list='Max Enroll: 40')",Limited to 40. ,Monday Wednesday 2:00  - 3:20 
527,SOC,"ClassNumber(num='SOC-221 B', link='https://weblprod1.wheatonma.edu/PROD/bzcrschd.P_ViewCourseDescription?term_in=201520&subj_code_in=SOC&crse_numb_in=221&crn_in=10486&seq_numb_in=B')","ClassExam(letter='C.', link='https://weblprod1.wheatonma.edu/PROD/bzcrschd.P_DispExamInfo?exam_code=C.&course=SOC-221 B&term_code=201520&term_desc=Spring 2015&crn=10486')",Deviance and Social Control,10486,['M W F 10:30 AM - 11:20 AM'],['Meneely Hall 205'],"[ClassInstructor(name='Trevino, A. Javier', link='https://wheatoncollege.edu/academics/faculty-directory/A. Javier-Trevino/')]",,DVSS,ARSS,[],https://www.bkstr.com/webapp/wcs/stores/servlet/booklookServlet?bookstore_id-1=525&term_id-1=Spring+2015&div-1=&dept-1=SOC&course-1=221&section-1=B,"SeatInfo(max='Max Enroll: 35', taken='Max Enroll: 35', avail='Max Enroll: 35', wait_list='Max Enroll: 35')",Limited to 35. ,Monday Wednesday Friday 10:30  - 11:20 
528,SOC,"ClassNumber(num='SOC-235 B', link='https://weblprod1.wheatonma.edu/PROD/bzcrschd.P_ViewCourseDescription?term_in=201520&subj_code_in=SOC&crse_numb_in=235&crn_in=10528&seq_numb_in=B')","ClassExam(letter='U.', link='https://weblprod1.wheatonma.edu/PROD/bzcrschd.P_DispExamInfo?exam_code=U.&course=SOC-235 B&term_code=201520&term_desc=Spring 2015&crn=10528')",Families in Transition,10528,['T R 3:30 PM - 4:50 PM'],['Meneely Hall 105'],"[ClassInstructor(name='Gildae, Catherine A.', link='https://wheatoncollege.edu/academics/faculty-directory/Catherine-Gildae/')]",,DVSS,ARSS,"[ClassConx(num='2078', link='https://weblprod1.wheatonma.edu/PROD/bzcrschd.P_ViewCourseDescription?term_in=201520&subj_code_in=CONX&crse_numb_in=20078&crn_in=&seq_numb_in=')]",https://www.bkstr.com/webapp/wcs/stores/servlet/booklookServlet?bookstore_id-1=525&term_id-1=Spring+2015&div-1=&dept-1=SOC&course-1=235&section-1=B,"SeatInfo(max='Max Enroll: 35', taken='Max Enroll: 35', avail='Max Enroll: 35', wait_list='Max Enroll: 35')",Cross-listed with WGS 239. Limited to 35. ,Tuesday Thursday 3:30  - 4:50 
529,SOC,"ClassNumber(num='SOC-272 B', link='https://weblprod1.wheatonma.edu/PROD/bzcrschd.P_ViewCourseDescription?term_in=201520&subj_code_in=SOC&crse_numb_in=272&crn_in=10152&seq_numb_in=B')","ClassExam(letter='R.', link='https://weblprod1.wheatonma.edu/PROD/bzcrschd.P_DispExamInfo?exam_code=R.&course=SOC-272 B&term_code=201520&term_desc=Spring 2015&crn=10152')",Analyzing Social Trends,10152,['T R 12:30 PM - 1:50 PM'],['Mars Center-Science/Technology 1141'],"[ClassInstructor(name='McCormack, Karen M.', link='https://wheatoncollege.edu/academics/faculty-directory/karen-m-mccormack/')]",QA,DVSS,ARSS,[],https://www.bkstr.com/webapp/wcs/stores/servlet/booklookServlet?bookstore_id-1=525&term_id-1=Spring+2015&div-1=&dept-1=SOC&course-1=272&section-1=B,"SeatInfo(max='Max Enroll: 20', taken='Max Enroll: 20', avail='Max Enroll: 20', wait_list='Max Enroll: 20')",Limited to 20. ,Tuesday Thursday 12:30  - 1:50 
530,SOC,"ClassNumber(num='SOC-290 B', link='https://weblprod1.wheatonma.edu/PROD/bzcrschd.P_ViewCourseDescription?term_in=201520&subj_code_in=SOC&crse_numb_in=290&crn_in=10484&seq_numb_in=B')","ClassExam(letter='R.', link='https://weblprod1.wheatonma.edu/PROD/bzcrschd.P_DispExamInfo?exam_code=R.&course=SOC-290 B&term_code=201520&term_desc=Spring 2015&crn=10484')",Sociology of Sexualities,10484,['T R 9:30 AM - 10:50 AM'],['Meneely Hall 102'],"[ClassInstructor(name='McCormack, Karen M.', link='https://wheatoncollege.edu/academics/faculty-directory/karen-m-mccormack/')]",,DVSS,ARSS,"[ClassConx(num='2078', link='https://weblprod1.wheatonma.edu/PROD/bzcrschd.P_ViewCourseDescription?term_in=201520&subj_code_in=CONX&crse_numb_in=20078&crn_in=&seq_numb_in=')]",https://www.bkstr.com/webapp/wcs/stores/servlet/booklookServlet?bookstore_id-1=525&term_id-1=Spring+2015&div-1=&dept-1=SOC&course-1=290&section-1=B,"SeatInfo(max='Max Enroll: 35', taken='Max Enroll: 35', avail='Max Enroll: 35', wait_list='Max Enroll: 35')",Cross-listed with WGS 291. Limited to 35. ,Tuesday Thursday 9:30  - 10:50 
531,SOC,"ClassNumber(num='SOC-298 B01', link='https://weblprod1.wheatonma.edu/PROD/bzcrschd.P_ViewCourseDescription?term_in=201520&subj_code_in=SOC&crse_numb_in=298&crn_in=10505&seq_numb_in=B01')","ClassExam(letter='S.', link='https://weblprod1.wheatonma.edu/PROD/bzcrschd.P_DispExamInfo?exam_code=S.&course=SOC-298 B01&term_code=201520&term_desc=Spring 2015&crn=10505')",The World on a Screen,10505,['T R 11:00 AM - 12:20 PM'],['Knapton Hall 114'],"[ClassInstructor(name='Grady, John', link='https://wheatoncollege.edu/academics/faculty-directory/John-Grady/')]",,,,[],https://www.bkstr.com/webapp/wcs/stores/servlet/booklookServlet?bookstore_id-1=525&term_id-1=Spring+2015&div-1=&dept-1=SOC&course-1=298&section-1=B01,"SeatInfo(max='Max Enroll: 25', taken='Max Enroll: 25', avail='Max Enroll: 25', wait_list='Max Enroll: 25')",Cross-listed with FNMS 298-B05. Limited to 25. ,Tuesday Thursday 11:00  - 12:20 
532,SOC,"ClassNumber(num='SOC-302 B', link='https://weblprod1.wheatonma.edu/PROD/bzcrschd.P_ViewCourseDescription?term_in=201520&subj_code_in=SOC&crse_numb_in=302&crn_in=10150&seq_numb_in=B')","ClassExam(letter='S.', link='https://weblprod1.wheatonma.edu/PROD/bzcrschd.P_DispExamInfo?exam_code=S.&course=SOC-302 B&term_code=201520&term_desc=Spring 2015&crn=10150')",Research Methods in Sociology,10150,['T R 11:00 AM - 12:20 PM'],['Knapton Hall 218'],"[ClassInstructor(name='Yllo, Kersti', link='https://wheatoncollege.edu/academics/faculty-directory/Kersti-Yllo/')]",,DVSS,ARSS,[],https://www.bkstr.com/webapp/wcs/stores/servlet/booklookServlet?bookstore_id-1=525&term_id-1=Spring+2015&div-1=&dept-1=SOC&course-1=302&section-1=B,"SeatInfo(max='Max Enroll: 25', taken='Max Enroll: 25', avail='Max Enroll: 25', wait_list='Max Enroll: 25')",Prerequisites: Two courses in Sociology; required of Majors in their Junior year. Open to Urban Studies Minors and others by Permission of Instructor.  Limited to 25. ,Tuesday Thursday 11:00  - 12:20 
533,SOC,"ClassNumber(num='SOC-315 B', link='https://weblprod1.wheatonma.edu/PROD/bzcrschd.P_ViewCourseDescription?term_in=201520&subj_code_in=SOC&crse_numb_in=315&crn_in=10477&seq_numb_in=B')","ClassExam(letter='S.', link='https://weblprod1.wheatonma.edu/PROD/bzcrschd.P_DispExamInfo?exam_code=S.&course=SOC-315 B&term_code=201520&term_desc=Spring 2015&crn=10477')","Society, Technol & Environment",10477,['T R 2:00 PM - 3:20 PM'],['Knapton Hall 214'],"[ClassInstructor(name='Grady, John', link='https://wheatoncollege.edu/academics/faculty-directory/John-Grady/')]",,DVSS,ARSS,"[ClassConx(num='2309', link='https://weblprod1.wheatonma.edu/PROD/bzcrschd.P_ViewCourseDescription?term_in=201520&subj_code_in=CONX&crse_numb_in=23009&crn_in=&seq_numb_in=')]",https://www.bkstr.com/webapp/wcs/stores/servlet/booklookServlet?bookstore_id-1=525&term_id-1=Spring+2015&div-1=&dept-1=SOC&course-1=315&section-1=B,"SeatInfo(max='Max Enroll: 20', taken='Max Enroll: 20', avail='Max Enroll: 20', wait_list='Max Enroll: 20')",Limited to 20. ,Tuesday Thursday 2:00  - 3:20 
534,SOC,"ClassNumber(num='SOC-322 B', link='https://weblprod1.wheatonma.edu/PROD/bzcrschd.P_ViewCourseDescription?term_in=201520&subj_code_in=SOC&crse_numb_in=322&crn_in=10297&seq_numb_in=B')","ClassExam(letter='H.', link='https://weblprod1.wheatonma.edu/PROD/bzcrschd.P_DispExamInfo?exam_code=H.&course=SOC-322 B&term_code=201520&term_desc=Spring 2015&crn=10297')",Sociology of Law,10297,['M W 12:30 PM - 1:50 PM'],['Knapton Hall 315'],"[ClassInstructor(name='Trevino, A. Javier', link='https://wheatoncollege.edu/academics/faculty-directory/A. Javier-Trevino/')]",,DVSS,ARSS,[],https://www.bkstr.com/webapp/wcs/stores/servlet/booklookServlet?bookstore_id-1=525&term_id-1=Spring+2015&div-1=&dept-1=SOC&course-1=322&section-1=B,"SeatInfo(max='Max Enroll: 20', taken='Max Enroll: 20', avail='Max Enroll: 20', wait_list='Max Enroll: 20')",Limited to 20. ,Monday Wednesday 12:30  - 1:50 
535,SOC,"ClassNumber(num='SOC-399 B01', link='https://weblprod1.wheatonma.edu/PROD/bzcrschd.P_ViewCourseDescription?term_in=201520&subj_code_in=SOC&crse_numb_in=399&crn_in=10641&seq_numb_in=B01')","ClassExam(letter='J.', link='https://weblprod1.wheatonma.edu/PROD/bzcrschd.P_DispExamInfo?exam_code=J.&course=SOC-399 B01&term_code=201520&term_desc=Spring 2015&crn=10641')",Selected Topics,10641,['TBA'],['Location info TBA'],"[ClassInstructor(name='Grady, John', link='https://wheatoncollege.edu/academics/faculty-directory/John-Grady/')]",,DVSS,ARSS,[],https://www.bkstr.com/webapp/wcs/stores/servlet/booklookServlet?bookstore_id-1=525&term_id-1=Spring+2015&div-1=&dept-1=SOC&course-1=399&section-1=B01,"SeatInfo(max='Max Enroll: 1', taken='Max Enroll: 1', avail='Max Enroll: 1', wait_list='Max Enroll: 1')",Permission of instructor. ,
536,SOC,"ClassNumber(num='SOC-399 B02', link='https://weblprod1.wheatonma.edu/PROD/bzcrschd.P_ViewCourseDescription?term_in=201520&subj_code_in=SOC&crse_numb_in=399&crn_in=10647&seq_numb_in=B02')","ClassExam(letter='J.', link='https://weblprod1.wheatonma.edu/PROD/bzcrschd.P_DispExamInfo?exam_code=J.&course=SOC-399 B02&term_code=201520&term_desc=Spring 2015&crn=10647')",Selected Topics,10647,['TBA'],['Location info TBA'],"[ClassInstructor(name='Kim, Hyun S.', link='https://wheatoncollege.edu/academics/faculty-directory/hyun-sook-kim/')]",,DVSS,ARSS,[],https://www.bkstr.com/webapp/wcs/stores/servlet/booklookServlet?bookstore_id-1=525&term_id-1=Spring+2015&div-1=&dept-1=SOC&course-1=399&section-1=B02,"SeatInfo(max='Max Enroll: 2', taken='Max Enroll: 2', avail='Max Enroll: 2', wait_list='Max Enroll: 2')",Permission of instructor. ,
537,SOC,"ClassNumber(num='SOC-499 B', link='https://weblprod1.wheatonma.edu/PROD/bzcrschd.P_ViewCourseDescription?term_in=201520&subj_code_in=SOC&crse_numb_in=499&crn_in=10554&seq_numb_in=B')","ClassExam(letter='J.', link='https://weblprod1.wheatonma.edu/PROD/bzcrschd.P_DispExamInfo?exam_code=J.&course=SOC-499 B&term_code=201520&term_desc=Spring 2015&crn=10554')",Independent Research,10554,['TBA'],['Location info TBA'],"[ClassInstructor(name='Trevino, A. Javier', link='https://wheatoncollege.edu/academics/faculty-directory/A. Javier-Trevino/')]",,,,[],https://www.bkstr.com/webapp/wcs/stores/servlet/booklookServlet?bookstore_id-1=525&term_id-1=Spring+2015&div-1=&dept-1=SOC&course-1=499&section-1=B,"SeatInfo(max='Max Enroll: 1', taken='Max Enroll: 1', avail='Max Enroll: 1', wait_list='Max Enroll: 1')",,
538,SOC,"ClassNumber(num='SOC-499 B01', link='https://weblprod1.wheatonma.edu/PROD/bzcrschd.P_ViewCourseDescription?term_in=201520&subj_code_in=SOC&crse_numb_in=499&crn_in=10618&seq_numb_in=B01')","ClassExam(letter='J.', link='https://weblprod1.wheatonma.edu/PROD/bzcrschd.P_DispExamInfo?exam_code=J.&course=SOC-499 B01&term_code=201520&term_desc=Spring 2015&crn=10618')",Independent Research,10618,['TBA'],['Location info TBA'],"[ClassInstructor(name='Grady, John', link='https://wheatoncollege.edu/academics/faculty-directory/John-Grady/')]",,,,[],https://www.bkstr.com/webapp/wcs/stores/servlet/booklookServlet?bookstore_id-1=525&term_id-1=Spring+2015&div-1=&dept-1=SOC&course-1=499&section-1=B01,"SeatInfo(max='Max Enroll: 1', taken='Max Enroll: 1', avail='Max Enroll: 1', wait_list='Max Enroll: 1')",,
539,SOC,"ClassNumber(num='SOC-500 D01', link='https://weblprod1.wheatonma.edu/PROD/bzcrschd.P_ViewCourseDescription?term_in=201520&subj_code_in=SOC&crse_numb_in=500&crn_in=10570&seq_numb_in=D01')","ClassExam(letter='J.', link='https://weblprod1.wheatonma.edu/PROD/bzcrschd.P_DispExamInfo?exam_code=J.&course=SOC-500 D01&term_code=201520&term_desc=Spring 2015&crn=10570')",Individual Research,10570,['TBA'],['Location info TBA'],"[ClassInstructor(name='McCormack, Karen M.', link='https://wheatoncollege.edu/academics/faculty-directory/karen-m-mccormack/')]",,DVSS,ARSS,[],https://www.bkstr.com/webapp/wcs/stores/servlet/booklookServlet?bookstore_id-1=525&term_id-1=Spring+2015&div-1=&dept-1=SOC&course-1=500&section-1=D01,"SeatInfo(max='Max Enroll: 2', taken='Max Enroll: 2', avail='Max Enroll: 2', wait_list='Max Enroll: 2')",,
540,THEA,"ClassNumber(num='THEA-003 B', link='https://weblprod1.wheatonma.edu/PROD/bzcrschd.P_ViewCourseDescription?term_in=201520&subj_code_in=THEA&crse_numb_in=003&crn_in=10104&seq_numb_in=B')","ClassExam(letter='', link='')",Audition for Dance Company,10104,['M T W R 5:00 PM - 7:00 PM'],['Balfour-Hood Campus Center DANCE'],"[ClassInstructor(name='Mrozowski, Cheryl', link='https://wheatoncollege.edu/academics/faculty-directory/Cheryl-Mrozowski/')]",,,,[],https://www.bkstr.com/webapp/wcs/stores/servlet/booklookServlet?bookstore_id-1=525&term_id-1=Spring+2015&div-1=&dept-1=THEA&course-1=003&section-1=B,"SeatInfo(max='Max Enroll: 999', taken='Max Enroll: 999', avail='Max Enroll: 999', wait_list='Max Enroll: 999')",,Monday Tuesday Wednesday Thursday 5:00  - 7:00 
541,THEA,"ClassNumber(num='THEA-012 B', link='https://weblprod1.wheatonma.edu/PROD/bzcrschd.P_ViewCourseDescription?term_in=201520&subj_code_in=THEA&crse_numb_in=012&crn_in=10093&seq_numb_in=B')","ClassExam(letter='', link='')",Audition for Ballet,10093,['M W 2:00 PM - 3:20 PM'],['Balfour-Hood Campus Center DANCE'],"[ClassInstructor(name='Mrozowski, Cheryl', link='https://wheatoncollege.edu/academics/faculty-directory/Cheryl-Mrozowski/')]",,,,[],https://www.bkstr.com/webapp/wcs/stores/servlet/booklookServlet?bookstore_id-1=525&term_id-1=Spring+2015&div-1=&dept-1=THEA&course-1=012&section-1=B,"SeatInfo(max='Max Enroll: 999', taken='Max Enroll: 999', avail='Max Enroll: 999', wait_list='Max Enroll: 999')",,Monday Wednesday 2:00  - 3:20 
542,THEA,"ClassNumber(num='THEA-020 B', link='https://weblprod1.wheatonma.edu/PROD/bzcrschd.P_ViewCourseDescription?term_in=201520&subj_code_in=THEA&crse_numb_in=020&crn_in=10088&seq_numb_in=B')","ClassExam(letter='R.', link='https://weblprod1.wheatonma.edu/PROD/bzcrschd.P_DispExamInfo?exam_code=R.&course=THEA-020 B&term_code=201520&term_desc=Spring 2015&crn=10088')",Rehearsal and Production,10088,['TBA'],['Location info TBA'],"[ClassInstructor(name='Daniels, Stephanie B.', link='https://wheatoncollege.edu/academics/faculty-directory/Stephanie-Daniels/')]",,,ARCA,[],https://www.bkstr.com/webapp/wcs/stores/servlet/booklookServlet?bookstore_id-1=525&term_id-1=Spring+2015&div-1=&dept-1=THEA&course-1=020&section-1=B,"SeatInfo(max='Max Enroll: 999', taken='Max Enroll: 999', avail='Max Enroll: 999', wait_list='Max Enroll: 999')",Limited to two semesters.  Audition required and Permission of Instructor (.50 credit). ,
543,THEA,"ClassNumber(num='THEA-099 B01', link='https://weblprod1.wheatonma.edu/PROD/bzcrschd.P_ViewCourseDescription?term_in=201520&subj_code_in=THEA&crse_numb_in=099&crn_in=10736&seq_numb_in=B01')","ClassExam(letter='J.', link='https://weblprod1.wheatonma.edu/PROD/bzcrschd.P_DispExamInfo?exam_code=J.&course=THEA-099 B01&term_code=201520&term_desc=Spring 2015&crn=10736')",Selected Topics,10736,['TBA'],['Location info TBA'],"[ClassInstructor(name='Daniels, Stephanie B.', link='https://wheatoncollege.edu/academics/faculty-directory/Stephanie-Daniels/')]",,,ARCA,[],https://www.bkstr.com/webapp/wcs/stores/servlet/booklookServlet?bookstore_id-1=525&term_id-1=Spring+2015&div-1=&dept-1=THEA&course-1=099&section-1=B01,"SeatInfo(max='Max Enroll: 1', taken='Max Enroll: 1', avail='Max Enroll: 1', wait_list='Max Enroll: 1')",,
544,THEA,"ClassNumber(num='THEA-101 B', link='https://weblprod1.wheatonma.edu/PROD/bzcrschd.P_ViewCourseDescription?term_in=201520&subj_code_in=THEA&crse_numb_in=101&crn_in=10572&seq_numb_in=B')","ClassExam(letter='R.', link='https://weblprod1.wheatonma.edu/PROD/bzcrschd.P_DispExamInfo?exam_code=R.&course=THEA-101 B&term_code=201520&term_desc=Spring 2015&crn=10572')",Beginning Acting,10572,['M W 3:30 PM - 4:50 PM'],['Watson Fine Arts Center 109'],"[ClassInstructor(name='Fox, David M.', link='https://wheatoncollege.edu/academics/faculty-directory/david-m-fox/')]",,DVAH,ARCA,[],https://www.bkstr.com/webapp/wcs/stores/servlet/booklookServlet?bookstore_id-1=525&term_id-1=Spring+2015&div-1=&dept-1=THEA&course-1=101&section-1=B,"SeatInfo(max='Max Enroll: 16', taken='Max Enroll: 16', avail='Max Enroll: 16', wait_list='Max Enroll: 16')",Register under Interview Course THEA 001.  Interview required first day of class.  Limited to 16. ,Monday Wednesday 3:30  - 4:50 
545,THEA,"ClassNumber(num='THEA-102 B', link='https://weblprod1.wheatonma.edu/PROD/bzcrschd.P_ViewCourseDescription?term_in=201520&subj_code_in=THEA&crse_numb_in=102&crn_in=10089&seq_numb_in=B')","ClassExam(letter='S.', link='https://weblprod1.wheatonma.edu/PROD/bzcrschd.P_DispExamInfo?exam_code=S.&course=THEA-102 B&term_code=201520&term_desc=Spring 2015&crn=10089')",Public Speaking,10089,['T R 12:30 PM - 1:50 PM'],['Watson Fine Arts Center 102'],"[ClassInstructor(name='Madden, Jennifer A.', link='https://wheatoncollege.edu/academics/faculty-directory/Jennifer-Madden/')]",,DVAH,ARCA,[],https://www.bkstr.com/webapp/wcs/stores/servlet/booklookServlet?bookstore_id-1=525&term_id-1=Spring+2015&div-1=&dept-1=THEA&course-1=102&section-1=B,"SeatInfo(max='Max Enroll: 20', taken='Max Enroll: 20', avail='Max Enroll: 20', wait_list='Max Enroll: 20')",Register under Interview Course THEA 010. Limited to 20. ,Tuesday Thursday 12:30  - 1:50 
546,THEA,"ClassNumber(num='THEA-103 B', link='https://weblprod1.wheatonma.edu/PROD/bzcrschd.P_ViewCourseDescription?term_in=201520&subj_code_in=THEA&crse_numb_in=103&crn_in=10091&seq_numb_in=B')","ClassExam(letter='R.', link='https://weblprod1.wheatonma.edu/PROD/bzcrschd.P_DispExamInfo?exam_code=R.&course=THEA-103 B&term_code=201520&term_desc=Spring 2015&crn=10091')",Introduction to Theatre,10091,['M W 12:30 PM - 1:50 PM'],['Watson Fine Arts Center 122'],"[ClassInstructor(name='Fox, David M.', link='https://wheatoncollege.edu/academics/faculty-directory/david-m-fox/')]",,DVAH,ARHM,[],https://www.bkstr.com/webapp/wcs/stores/servlet/booklookServlet?bookstore_id-1=525&term_id-1=Spring+2015&div-1=&dept-1=THEA&course-1=103&section-1=B,"SeatInfo(max='Max Enroll: 20', taken='Max Enroll: 20', avail='Max Enroll: 20', wait_list='Max Enroll: 20')",Limited to 20. ,Monday Wednesday 12:30  - 1:50 
547,THEA,"ClassNumber(num='THEA-140 B', link='https://weblprod1.wheatonma.edu/PROD/bzcrschd.P_ViewCourseDescription?term_in=201520&subj_code_in=THEA&crse_numb_in=140&crn_in=10092&seq_numb_in=B')","ClassExam(letter='R.', link='https://weblprod1.wheatonma.edu/PROD/bzcrschd.P_DispExamInfo?exam_code=R.&course=THEA-140 B&term_code=201520&term_desc=Spring 2015&crn=10092')",Ballet,10092,['M W 2:00 PM - 3:20 PM'],['Balfour-Hood Campus Center DANCE'],"[ClassInstructor(name='Mrozowski, Cheryl', link='https://wheatoncollege.edu/academics/faculty-directory/Cheryl-Mrozowski/')]",,DVAH,ARCA,"[ClassConx(num='2001', link='https://weblprod1.wheatonma.edu/PROD/bzcrschd.P_ViewCourseDescription?term_in=201520&subj_code_in=CONX&crse_numb_in=20001&crn_in=&seq_numb_in=')]",https://www.bkstr.com/webapp/wcs/stores/servlet/booklookServlet?bookstore_id-1=525&term_id-1=Spring+2015&div-1=&dept-1=THEA&course-1=140&section-1=B,"SeatInfo(max='Max Enroll: 16', taken='Max Enroll: 16', avail='Max Enroll: 16', wait_list='Max Enroll: 16')",Register under Audition Course THEA 012. Limited to 16. ,Monday Wednesday 2:00  - 3:20 
548,THEA,"ClassNumber(num='THEA-205 B', link='https://weblprod1.wheatonma.edu/PROD/bzcrschd.P_ViewCourseDescription?term_in=201520&subj_code_in=THEA&crse_numb_in=205&crn_in=10094&seq_numb_in=B')","ClassExam(letter='S.', link='https://weblprod1.wheatonma.edu/PROD/bzcrschd.P_DispExamInfo?exam_code=S.&course=THEA-205 B&term_code=201520&term_desc=Spring 2015&crn=10094')",Stagecraft,10094,['M W 12:30 PM - 1:50 PM'],['Watson Fine Arts Center 213'],"[ClassInstructor(name='McNamee, Colin C.', link='https://wheatoncollege.edu/academics/faculty-directory/')]",,DVAH,ARCA,[],https://www.bkstr.com/webapp/wcs/stores/servlet/booklookServlet?bookstore_id-1=525&term_id-1=Spring+2015&div-1=&dept-1=THEA&course-1=205&section-1=B,"SeatInfo(max='Max Enroll: 10', taken='Max Enroll: 10', avail='Max Enroll: 10', wait_list='Max Enroll: 10')",Register under Interview Course THEA 009. Limited to 10. ,Monday Wednesday 12:30  - 1:50 
549,THEA,"ClassNumber(num='THEA-211 B', link='https://weblprod1.wheatonma.edu/PROD/bzcrschd.P_ViewCourseDescription?term_in=201520&subj_code_in=THEA&crse_numb_in=211&crn_in=10096&seq_numb_in=B')","ClassExam(letter='R.', link='https://weblprod1.wheatonma.edu/PROD/bzcrschd.P_DispExamInfo?exam_code=R.&course=THEA-211 B&term_code=201520&term_desc=Spring 2015&crn=10096')",Intermediate Acting,10096,['T R 11:00 AM - 12:20 PM'],['Watson Fine Arts Center 109'],"[ClassInstructor(name='Daniels, Stephanie B.', link='https://wheatoncollege.edu/academics/faculty-directory/Stephanie-Daniels/')]",,DVAH,ARCA,"[ClassConx(num='2074', link='https://weblprod1.wheatonma.edu/PROD/bzcrschd.P_ViewCourseDescription?term_in=201520&subj_code_in=CONX&crse_numb_in=20074&crn_in=&seq_numb_in=')]",https://www.bkstr.com/webapp/wcs/stores/servlet/booklookServlet?bookstore_id-1=525&term_id-1=Spring+2015&div-1=&dept-1=THEA&course-1=211&section-1=B,"SeatInfo(max='Max Enroll: 12', taken='Max Enroll: 12', avail='Max Enroll: 12', wait_list='Max Enroll: 12')","Register for THEA 002.  Audition required first day of class.  Prerequisite: THEA 101.  Open to Sophomores, Juniors, and Seniors.  Limited to 12. ",Tuesday Thursday 11:00  - 12:20 
550,THEA,"ClassNumber(num='THEA-276 B', link='https://weblprod1.wheatonma.edu/PROD/bzcrschd.P_ViewCourseDescription?term_in=201520&subj_code_in=THEA&crse_numb_in=276&crn_in=10098&seq_numb_in=B')","ClassExam(letter='M.', link='https://weblprod1.wheatonma.edu/PROD/bzcrschd.P_DispExamInfo?exam_code=M.&course=THEA-276 B&term_code=201520&term_desc=Spring 2015&crn=10098')",World Theatre: Global Perspect,10098,['T R 9:30 AM - 10:50 AM'],['Meneely Hall 201'],"[ClassInstructor(name='Madden, Jennifer A.', link='https://wheatoncollege.edu/academics/faculty-directory/Jennifer-Madden/')]",BW,DVAH,ARHM,[],https://www.bkstr.com/webapp/wcs/stores/servlet/booklookServlet?bookstore_id-1=525&term_id-1=Spring+2015&div-1=&dept-1=THEA&course-1=276&section-1=B,"SeatInfo(max='Max Enroll: 20', taken='Max Enroll: 20', avail='Max Enroll: 20', wait_list='Max Enroll: 20')",Limited to 20. ,Tuesday Thursday 9:30  - 10:50 
551,THEA,"ClassNumber(num='THEA-292 B', link='https://weblprod1.wheatonma.edu/PROD/bzcrschd.P_ViewCourseDescription?term_in=201520&subj_code_in=THEA&crse_numb_in=292&crn_in=10493&seq_numb_in=B')","ClassExam(letter='S.', link='https://weblprod1.wheatonma.edu/PROD/bzcrschd.P_DispExamInfo?exam_code=S.&course=THEA-292 B&term_code=201520&term_desc=Spring 2015&crn=10493')",Broadway Bound,10493,['T R 12:30 PM - 1:50 PM'],['Watson Fine Arts Center 222'],"[ClassInstructor(name='Sears, Elizabeth A.', link='https://wheatoncollege.edu/academics/faculty-directory/ann-sears/')]",,DVAH,ARHM,[],https://www.bkstr.com/webapp/wcs/stores/servlet/booklookServlet?bookstore_id-1=525&term_id-1=Spring+2015&div-1=&dept-1=THEA&course-1=292&section-1=B,"SeatInfo(max='Max Enroll: 0', taken='Max Enroll: 0', avail='Max Enroll: 0', wait_list='Max Enroll: 0')",Register under MUSC 292. ,Tuesday Thursday 12:30  - 1:50 
552,THEA,"ClassNumber(num='THEA-310 B', link='https://weblprod1.wheatonma.edu/PROD/bzcrschd.P_ViewCourseDescription?term_in=201520&subj_code_in=THEA&crse_numb_in=310&crn_in=10547&seq_numb_in=B')","ClassExam(letter='O.', link='https://weblprod1.wheatonma.edu/PROD/bzcrschd.P_DispExamInfo?exam_code=O.&course=THEA-310 B&term_code=201520&term_desc=Spring 2015&crn=10547')",Intermediate Stage Design,10547,['T 2:00 PM - 4:50 PM'],['Watson Fine Arts Center 127'],"[ClassInstructor(name=""O'Dell, Clinton E."", link='https://wheatoncollege.edu/academics/faculty-directory/clinton-odell/')]",,DVAH,ARHM,"[ClassConx(num='2089', link='https://weblprod1.wheatonma.edu/PROD/bzcrschd.P_ViewCourseDescription?term_in=201520&subj_code_in=CONX&crse_numb_in=20089&crn_in=&seq_numb_in=')]",https://www.bkstr.com/webapp/wcs/stores/servlet/booklookServlet?bookstore_id-1=525&term_id-1=Spring+2015&div-1=&dept-1=THEA&course-1=310&section-1=B,"SeatInfo(max='Max Enroll: 10', taken='Max Enroll: 10', avail='Max Enroll: 10', wait_list='Max Enroll: 10')",Register for THEA 005. Prerequisite: THEA 210 or portfolio evidence of background in theatre or visual art. Limit of 10. ,Tuesday 2:00  - 4:50 
553,THEA,"ClassNumber(num='THEA-320 B', link='https://weblprod1.wheatonma.edu/PROD/bzcrschd.P_ViewCourseDescription?term_in=201520&subj_code_in=THEA&crse_numb_in=320&crn_in=10103&seq_numb_in=B')","ClassExam(letter='R.', link='https://weblprod1.wheatonma.edu/PROD/bzcrschd.P_DispExamInfo?exam_code=R.&course=THEA-320 B&term_code=201520&term_desc=Spring 2015&crn=10103')",Dance Company,10103,['M T W R 5:00 PM - 7:00 PM'],['Balfour-Hood Campus Center DANCE'],"[ClassInstructor(name='Mrozowski, Cheryl', link='https://wheatoncollege.edu/academics/faculty-directory/Cheryl-Mrozowski/')]",,DVAH,ARCA,[],https://www.bkstr.com/webapp/wcs/stores/servlet/booklookServlet?bookstore_id-1=525&term_id-1=Spring+2015&div-1=&dept-1=THEA&course-1=320&section-1=B,"SeatInfo(max='Max Enroll: 999', taken='Max Enroll: 999', avail='Max Enroll: 999', wait_list='Max Enroll: 999')",Register under Audition Course THEA 003. Audition required. Permission of Instructor.  Limited to four semesters and a total of two total credits. (.50 credits per semester) ,Monday Tuesday Wednesday Thursday 5:00  - 7:00 
554,THEA,"ClassNumber(num='THEA-399 B01', link='https://weblprod1.wheatonma.edu/PROD/bzcrschd.P_ViewCourseDescription?term_in=201520&subj_code_in=THEA&crse_numb_in=399&crn_in=10611&seq_numb_in=B01')","ClassExam(letter='J.', link='https://weblprod1.wheatonma.edu/PROD/bzcrschd.P_DispExamInfo?exam_code=J.&course=THEA-399 B01&term_code=201520&term_desc=Spring 2015&crn=10611')",Independent Study,10611,['TBA'],['Location info TBA'],"[ClassInstructor(name='Mrozowski, Cheryl', link='https://wheatoncollege.edu/academics/faculty-directory/Cheryl-Mrozowski/')]",,DVAH,ARCA,[],https://www.bkstr.com/webapp/wcs/stores/servlet/booklookServlet?bookstore_id-1=525&term_id-1=Spring+2015&div-1=&dept-1=THEA&course-1=399&section-1=B01,"SeatInfo(max='Max Enroll: 2', taken='Max Enroll: 2', avail='Max Enroll: 2', wait_list='Max Enroll: 2')",Permission of department. ,
555,THEA,"ClassNumber(num='THEA-399 B02', link='https://weblprod1.wheatonma.edu/PROD/bzcrschd.P_ViewCourseDescription?term_in=201520&subj_code_in=THEA&crse_numb_in=399&crn_in=10614&seq_numb_in=B02')","ClassExam(letter='J.', link='https://weblprod1.wheatonma.edu/PROD/bzcrschd.P_DispExamInfo?exam_code=J.&course=THEA-399 B02&term_code=201520&term_desc=Spring 2015&crn=10614')",Independent Study,10614,['TBA'],['Location info TBA'],"[ClassInstructor(name='Daniels, Stephanie B.', link='https://wheatoncollege.edu/academics/faculty-directory/Stephanie-Daniels/')]",,DVAH,ARCA,[],https://www.bkstr.com/webapp/wcs/stores/servlet/booklookServlet?bookstore_id-1=525&term_id-1=Spring+2015&div-1=&dept-1=THEA&course-1=399&section-1=B02,"SeatInfo(max='Max Enroll: 2', taken='Max Enroll: 2', avail='Max Enroll: 2', wait_list='Max Enroll: 2')",Permission of department. ,
556,THEA,"ClassNumber(num='THEA-399 B03', link='https://weblprod1.wheatonma.edu/PROD/bzcrschd.P_ViewCourseDescription?term_in=201520&subj_code_in=THEA&crse_numb_in=399&crn_in=10623&seq_numb_in=B03')","ClassExam(letter='J.', link='https://weblprod1.wheatonma.edu/PROD/bzcrschd.P_DispExamInfo?exam_code=J.&course=THEA-399 B03&term_code=201520&term_desc=Spring 2015&crn=10623')",Independent Study,10623,['TBA'],['Location info TBA'],"[ClassInstructor(name=""O'Dell, Clinton E."", link='https://wheatoncollege.edu/academics/faculty-directory/clinton-odell/')]",,DVAH,ARCA,[],https://www.bkstr.com/webapp/wcs/stores/servlet/booklookServlet?bookstore_id-1=525&term_id-1=Spring+2015&div-1=&dept-1=THEA&course-1=399&section-1=B03,"SeatInfo(max='Max Enroll: 1', taken='Max Enroll: 1', avail='Max Enroll: 1', wait_list='Max Enroll: 1')",Permission of department. ,
557,THEA,"ClassNumber(num='THEA-399 B04', link='https://weblprod1.wheatonma.edu/PROD/bzcrschd.P_ViewCourseDescription?term_in=201520&subj_code_in=THEA&crse_numb_in=399&crn_in=10646&seq_numb_in=B04')","ClassExam(letter='J.', link='https://weblprod1.wheatonma.edu/PROD/bzcrschd.P_DispExamInfo?exam_code=J.&course=THEA-399 B04&term_code=201520&term_desc=Spring 2015&crn=10646')",Independent Study,10646,['TBA'],['Location info TBA'],"[ClassInstructor(name='Fox, David M.', link='https://wheatoncollege.edu/academics/faculty-directory/david-m-fox/')]",,DVAH,ARCA,[],https://www.bkstr.com/webapp/wcs/stores/servlet/booklookServlet?bookstore_id-1=525&term_id-1=Spring+2015&div-1=&dept-1=THEA&course-1=399&section-1=B04,"SeatInfo(max='Max Enroll: 2', taken='Max Enroll: 2', avail='Max Enroll: 2', wait_list='Max Enroll: 2')",Permission of department. ,
558,THEA,"ClassNumber(num='THEA-399 B05', link='https://weblprod1.wheatonma.edu/PROD/bzcrschd.P_ViewCourseDescription?term_in=201520&subj_code_in=THEA&crse_numb_in=399&crn_in=10649&seq_numb_in=B05')","ClassExam(letter='J.', link='https://weblprod1.wheatonma.edu/PROD/bzcrschd.P_DispExamInfo?exam_code=J.&course=THEA-399 B05&term_code=201520&term_desc=Spring 2015&crn=10649')",Independent Study,10649,['TBA'],['Location info TBA'],"[ClassInstructor(name='McNamee, Colin C.', link='https://wheatoncollege.edu/academics/faculty-directory/')]",,DVAH,ARCA,[],https://www.bkstr.com/webapp/wcs/stores/servlet/booklookServlet?bookstore_id-1=525&term_id-1=Spring+2015&div-1=&dept-1=THEA&course-1=399&section-1=B05,"SeatInfo(max='Max Enroll: 1', taken='Max Enroll: 1', avail='Max Enroll: 1', wait_list='Max Enroll: 1')",Permission of department. ,
559,THEA,"ClassNumber(num='THEA-471 B', link='https://weblprod1.wheatonma.edu/PROD/bzcrschd.P_ViewCourseDescription?term_in=201520&subj_code_in=THEA&crse_numb_in=471&crn_in=10105&seq_numb_in=B')","ClassExam(letter='R.', link='https://weblprod1.wheatonma.edu/PROD/bzcrschd.P_DispExamInfo?exam_code=R.&course=THEA-471 B&term_code=201520&term_desc=Spring 2015&crn=10105')",Ensemble Experiments,10105,['R 2:00 PM - 4:50 PM'],['Watson Fine Arts Center 109'],"[ClassInstructor(name='Daniels, Stephanie B.', link='https://wheatoncollege.edu/academics/faculty-directory/Stephanie-Daniels/')]",,DVAH,ARCA,[],https://www.bkstr.com/webapp/wcs/stores/servlet/booklookServlet?bookstore_id-1=525&term_id-1=Spring+2015&div-1=&dept-1=THEA&course-1=471&section-1=B,"SeatInfo(max='Max Enroll: 999', taken='Max Enroll: 999', avail='Max Enroll: 999', wait_list='Max Enroll: 999')",Open to Senior Majors and Minors.  Theatre Minors need Permission of Instructor. ,Thursday 2:00  - 4:50 
560,WGS,"ClassNumber(num='WGS-101 B', link='https://weblprod1.wheatonma.edu/PROD/bzcrschd.P_ViewCourseDescription?term_in=201520&subj_code_in=WGS&crse_numb_in=101&crn_in=10442&seq_numb_in=B')","ClassExam(letter='I.', link='https://weblprod1.wheatonma.edu/PROD/bzcrschd.P_DispExamInfo?exam_code=I.&course=WGS-101 B&term_code=201520&term_desc=Spring 2015&crn=10442')",Intro to Women's Studies,10442,['T R 12:30 PM - 1:50 PM'],['Meneely Hall 301'],"[ClassInstructor(name='Miller, Kimberly A.', link='https://wheatoncollege.edu/academics/faculty-directory/kim-miller/')]",,DVSS,ARSS,[],https://www.bkstr.com/webapp/wcs/stores/servlet/booklookServlet?bookstore_id-1=525&term_id-1=Spring+2015&div-1=&dept-1=WGS&course-1=101&section-1=B,"SeatInfo(max='Max Enroll: 35', taken='Max Enroll: 35', avail='Max Enroll: 35', wait_list='Max Enroll: 35')",Limited to 35. ,Tuesday Thursday 12:30  - 1:50 
561,WGS,"ClassNumber(num='WGS-142 B', link='https://weblprod1.wheatonma.edu/PROD/bzcrschd.P_ViewCourseDescription?term_in=201520&subj_code_in=WGS&crse_numb_in=142&crn_in=10443&seq_numb_in=B')","ClassExam(letter='R.', link='https://weblprod1.wheatonma.edu/PROD/bzcrschd.P_DispExamInfo?exam_code=R.&course=WGS-142 B&term_code=201520&term_desc=Spring 2015&crn=10443')",Religion and Sexuality,10443,['T R 12:30 PM - 1:50 PM'],['Meneely Hall 102'],"[ClassInstructor(name='Darling-Smith, Barbara', link='https://wheatoncollege.edu/academics/faculty-directory/Barbara-Darling-Smith/')]",,DVAH,ARHM,"[ClassConx(num='2078', link='https://weblprod1.wheatonma.edu/PROD/bzcrschd.P_ViewCourseDescription?term_in=201520&subj_code_in=CONX&crse_numb_in=20078&crn_in=&seq_numb_in=')]",https://www.bkstr.com/webapp/wcs/stores/servlet/booklookServlet?bookstore_id-1=525&term_id-1=Spring+2015&div-1=&dept-1=WGS&course-1=142&section-1=B,"SeatInfo(max='Max Enroll: 0', taken='Max Enroll: 0', avail='Max Enroll: 0', wait_list='Max Enroll: 0')",Permission of Instructor. ,Tuesday Thursday 12:30  - 1:50 
562,WGS,"ClassNumber(num='WGS-228 B', link='https://weblprod1.wheatonma.edu/PROD/bzcrschd.P_ViewCourseDescription?term_in=201520&subj_code_in=WGS&crse_numb_in=228&crn_in=10453&seq_numb_in=B')","ClassExam(letter='S.', link='https://weblprod1.wheatonma.edu/PROD/bzcrschd.P_DispExamInfo?exam_code=S.&course=WGS-228 B&term_code=201520&term_desc=Spring 2015&crn=10453')",Transnational Feminism,10453,['M W 9:00 AM - 10:20 AM'],['Meneely Hall 305'],"[ClassInstructor(name='Cone, Marcia', link='https://wheatoncollege.edu/academics/faculty-directory/Marcia-Cone/')]",BW,DVSS,ARSS,"[ClassConx(num='2091', link='https://weblprod1.wheatonma.edu/PROD/bzcrschd.P_ViewCourseDescription?term_in=201520&subj_code_in=CONX&crse_numb_in=20091&crn_in=&seq_numb_in=')]",https://www.bkstr.com/webapp/wcs/stores/servlet/booklookServlet?bookstore_id-1=525&term_id-1=Spring+2015&div-1=&dept-1=WGS&course-1=228&section-1=B,"SeatInfo(max='Max Enroll: 999', taken='Max Enroll: 999', avail='Max Enroll: 999', wait_list='Max Enroll: 999')",Prerequisite: One WMST course. ,Monday Wednesday 9:00  - 10:20 
563,WGS,"ClassNumber(num='WGS-236 B01', link='https://weblprod1.wheatonma.edu/PROD/bzcrschd.P_ViewCourseDescription?term_in=201520&subj_code_in=WGS&crse_numb_in=236&crn_in=10444&seq_numb_in=B01')","ClassExam(letter='S.', link='https://weblprod1.wheatonma.edu/PROD/bzcrschd.P_DispExamInfo?exam_code=S.&course=WGS-236 B01&term_code=201520&term_desc=Spring 2015&crn=10444')",Human Sexuality,10444,['T R 9:30 AM - 10:50 AM'],['Meneely Hall 209'],"[ClassInstructor(name='Olin, Nancy E.', link='https://wheatoncollege.edu/academics/faculty-directory/Nancy-Olin/')]",,DVSS,ARSS,"[ClassConx(num='2306', link='https://weblprod1.wheatonma.edu/PROD/bzcrschd.P_ViewCourseDescription?term_in=201520&subj_code_in=CONX&crse_numb_in=23006&crn_in=&seq_numb_in=')]",https://www.bkstr.com/webapp/wcs/stores/servlet/booklookServlet?bookstore_id-1=525&term_id-1=Spring+2015&div-1=&dept-1=WGS&course-1=236&section-1=B01,"SeatInfo(max='Max Enroll: 0', taken='Max Enroll: 0', avail='Max Enroll: 0', wait_list='Max Enroll: 0')",Permission of Instructor. ,Tuesday Thursday 9:30  - 10:50 
564,WGS,"ClassNumber(num='WGS-236 B02', link='https://weblprod1.wheatonma.edu/PROD/bzcrschd.P_ViewCourseDescription?term_in=201520&subj_code_in=WGS&crse_numb_in=236&crn_in=10445&seq_numb_in=B02')","ClassExam(letter='S.', link='https://weblprod1.wheatonma.edu/PROD/bzcrschd.P_DispExamInfo?exam_code=S.&course=WGS-236 B02&term_code=201520&term_desc=Spring 2015&crn=10445')",Human Sexuality,10445,['T R 9:30 AM - 10:50 AM'],['Meneely Hall 105'],"[ClassInstructor(name='Liebling, Linette G.', link='https://wheatoncollege.edu/academics/faculty-directory/linette-g-liebling/')]",,DVSS,ARSS,"[ClassConx(num='2306', link='https://weblprod1.wheatonma.edu/PROD/bzcrschd.P_ViewCourseDescription?term_in=201520&subj_code_in=CONX&crse_numb_in=23006&crn_in=&seq_numb_in=')]",https://www.bkstr.com/webapp/wcs/stores/servlet/booklookServlet?bookstore_id-1=525&term_id-1=Spring+2015&div-1=&dept-1=WGS&course-1=236&section-1=B02,"SeatInfo(max='Max Enroll: 0', taken='Max Enroll: 0', avail='Max Enroll: 0', wait_list='Max Enroll: 0')",Permission of Instructor. ,Tuesday Thursday 9:30  - 10:50 
565,WGS,"ClassNumber(num='WGS-238 B', link='https://weblprod1.wheatonma.edu/PROD/bzcrschd.P_ViewCourseDescription?term_in=201520&subj_code_in=WGS&crse_numb_in=238&crn_in=10446&seq_numb_in=B')","ClassExam(letter='S.', link='https://weblprod1.wheatonma.edu/PROD/bzcrschd.P_DispExamInfo?exam_code=S.&course=WGS-238 B&term_code=201520&term_desc=Spring 2015&crn=10446')",U.S. Women since 1890,10446,['M W 12:30 PM - 1:50 PM'],['Knapton Hall 114'],"[ClassInstructor(name='Tomasek, Kathryn A.', link='https://wheatoncollege.edu/academics/faculty-directory/Kathryn-Tomasek/')]",,DVAH,ARHS,"[ClassConx(num='2305', link='https://weblprod1.wheatonma.edu/PROD/bzcrschd.P_ViewCourseDescription?term_in=201520&subj_code_in=CONX&crse_numb_in=23005&crn_in=&seq_numb_in=')]",https://www.bkstr.com/webapp/wcs/stores/servlet/booklookServlet?bookstore_id-1=525&term_id-1=Spring+2015&div-1=&dept-1=WGS&course-1=238&section-1=B,"SeatInfo(max='Max Enroll: 0', taken='Max Enroll: 0', avail='Max Enroll: 0', wait_list='Max Enroll: 0')",Register under HIST 234. Limited to 45. ,Monday Wednesday 12:30  - 1:50 
566,WGS,"ClassNumber(num='WGS-239 B', link='https://weblprod1.wheatonma.edu/PROD/bzcrschd.P_ViewCourseDescription?term_in=201520&subj_code_in=WGS&crse_numb_in=239&crn_in=10529&seq_numb_in=B')","ClassExam(letter='U.', link='https://weblprod1.wheatonma.edu/PROD/bzcrschd.P_DispExamInfo?exam_code=U.&course=WGS-239 B&term_code=201520&term_desc=Spring 2015&crn=10529')",Families in Transition,10529,['T R 3:30 PM - 4:50 PM'],['Meneely Hall 105'],"[ClassInstructor(name='Gildae, Catherine A.', link='https://wheatoncollege.edu/academics/faculty-directory/Catherine-Gildae/')]",,DVSS,ARSS,"[ClassConx(num='2078', link='https://weblprod1.wheatonma.edu/PROD/bzcrschd.P_ViewCourseDescription?term_in=201520&subj_code_in=CONX&crse_numb_in=20078&crn_in=&seq_numb_in=')]",https://www.bkstr.com/webapp/wcs/stores/servlet/booklookServlet?bookstore_id-1=525&term_id-1=Spring+2015&div-1=&dept-1=WGS&course-1=239&section-1=B,"SeatInfo(max='Max Enroll: 0', taken='Max Enroll: 0', avail='Max Enroll: 0', wait_list='Max Enroll: 0')",Register under SOC 235. Limited to 35. ,Tuesday Thursday 3:30  - 4:50 
567,WGS,"ClassNumber(num='WGS-250 B', link='https://weblprod1.wheatonma.edu/PROD/bzcrschd.P_ViewCourseDescription?term_in=201520&subj_code_in=WGS&crse_numb_in=250&crn_in=10447&seq_numb_in=B')","ClassExam(letter='R.', link='https://weblprod1.wheatonma.edu/PROD/bzcrschd.P_DispExamInfo?exam_code=R.&course=WGS-250 B&term_code=201520&term_desc=Spring 2015&crn=10447')","Feminism, Philosophy and Law",10447,['M W F 9:30 AM - 10:20 AM'],['Knapton Hall 214'],"[ClassInstructor(name='Mathis, Stephen E.', link='https://wheatoncollege.edu/academics/faculty-directory/Stephen-Mathis/')]",,DVAH,ARHM,[],https://www.bkstr.com/webapp/wcs/stores/servlet/booklookServlet?bookstore_id-1=525&term_id-1=Spring+2015&div-1=&dept-1=WGS&course-1=250&section-1=B,"SeatInfo(max='Max Enroll: 0', taken='Max Enroll: 0', avail='Max Enroll: 0', wait_list='Max Enroll: 0')",Register under PHIL 255. Limited to 20. ,Monday Wednesday Friday 9:30  - 10:20 
568,WGS,"ClassNumber(num='WGS-262 B', link='https://weblprod1.wheatonma.edu/PROD/bzcrschd.P_ViewCourseDescription?term_in=201520&subj_code_in=WGS&crse_numb_in=262&crn_in=10448&seq_numb_in=B')","ClassExam(letter='O.', link='https://weblprod1.wheatonma.edu/PROD/bzcrschd.P_DispExamInfo?exam_code=O.&course=WGS-262 B&term_code=201520&term_desc=Spring 2015&crn=10448')",Women and Development,10448,['T R 2:00 PM - 3:20 PM'],['Knapton Hall 114'],"[ClassInstructor(name='Kerner, Donna O.', link='https://wheatoncollege.edu/academics/faculty-directory/Donna-o-Kerner/')]",BW,DVSS,ARSS,[],https://www.bkstr.com/webapp/wcs/stores/servlet/booklookServlet?bookstore_id-1=525&term_id-1=Spring+2015&div-1=&dept-1=WGS&course-1=262&section-1=B,"SeatInfo(max='Max Enroll: 0', taken='Max Enroll: 0', avail='Max Enroll: 0', wait_list='Max Enroll: 0')",Register under ANTH 260. Limited to 25. ,Tuesday Thursday 2:00  - 3:20 
569,WGS,"ClassNumber(num='WGS-272 B', link='https://weblprod1.wheatonma.edu/PROD/bzcrschd.P_ViewCourseDescription?term_in=201520&subj_code_in=WGS&crse_numb_in=272&crn_in=10449&seq_numb_in=B')","ClassExam(letter='R.', link='https://weblprod1.wheatonma.edu/PROD/bzcrschd.P_DispExamInfo?exam_code=R.&course=WGS-272 B&term_code=201520&term_desc=Spring 2015&crn=10449')",Romancing the Novel,10449,['M W F 9:30 AM - 10:20 AM'],['Meneely Hall 306'],"[ClassInstructor(name='Clark, Beverly L.', link='https://wheatoncollege.edu/academics/faculty-directory/beverly-lyon-clark/')]",,DVAH,ARHM,"[ClassConx(num='2306', link='https://weblprod1.wheatonma.edu/PROD/bzcrschd.P_ViewCourseDescription?term_in=201520&subj_code_in=CONX&crse_numb_in=23006&crn_in=&seq_numb_in=')]",https://www.bkstr.com/webapp/wcs/stores/servlet/booklookServlet?bookstore_id-1=525&term_id-1=Spring+2015&div-1=&dept-1=WGS&course-1=272&section-1=B,"SeatInfo(max='Max Enroll: 0', taken='Max Enroll: 0', avail='Max Enroll: 0', wait_list='Max Enroll: 0')",Permission of Instructor. ,Monday Wednesday Friday 9:30  - 10:20 
570,WGS,"ClassNumber(num='WGS-290 B', link='https://weblprod1.wheatonma.edu/PROD/bzcrschd.P_ViewCourseDescription?term_in=201520&subj_code_in=WGS&crse_numb_in=290&crn_in=10495&seq_numb_in=B')","ClassExam(letter='S.', link='https://weblprod1.wheatonma.edu/PROD/bzcrschd.P_DispExamInfo?exam_code=S.&course=WGS-290 B&term_code=201520&term_desc=Spring 2015&crn=10495')",The Psychology of Women,10495,['M W 5:00 PM - 6:20 PM'],['Balfour-Hood Campus Center MEDIA'],"[ClassInstructor(name='Orchowski, Lindsay M.', link='https://wheatoncollege.edu/academics/faculty-directory/Lindsay-Orchowski/')]",,DVSS,ARSS,"[ClassConx(num='2304', link='https://weblprod1.wheatonma.edu/PROD/bzcrschd.P_ViewCourseDescription?term_in=201520&subj_code_in=CONX&crse_numb_in=23004&crn_in=&seq_numb_in='), ClassConx(num='2305', link='https://weblprod1.wheatonma.edu/PROD/bzcrschd.P_ViewCourseDescription?term_in=201520&subj_code_in=CONX&crse_numb_in=23005&crn_in=&seq_numb_in=')]",https://www.bkstr.com/webapp/wcs/stores/servlet/booklookServlet?bookstore_id-1=525&term_id-1=Spring+2015&div-1=&dept-1=WGS&course-1=290&section-1=B,"SeatInfo(max='Max Enroll: 0', taken='Max Enroll: 0', avail='Max Enroll: 0', wait_list='Max Enroll: 0')",Permission of Instructor. ,Monday Wednesday 5:00  - 6:20 
571,WGS,"ClassNumber(num='WGS-291 B', link='https://weblprod1.wheatonma.edu/PROD/bzcrschd.P_ViewCourseDescription?term_in=201520&subj_code_in=WGS&crse_numb_in=291&crn_in=10485&seq_numb_in=B')","ClassExam(letter='R.', link='https://weblprod1.wheatonma.edu/PROD/bzcrschd.P_DispExamInfo?exam_code=R.&course=WGS-291 B&term_code=201520&term_desc=Spring 2015&crn=10485')",Sociology of Sexualities,10485,['T R 9:30 AM - 10:50 AM'],['Meneely Hall 102'],"[ClassInstructor(name='McCormack, Karen M.', link='https://wheatoncollege.edu/academics/faculty-directory/karen-m-mccormack/')]",,DVSS,ARSS,"[ClassConx(num='2078', link='https://weblprod1.wheatonma.edu/PROD/bzcrschd.P_ViewCourseDescription?term_in=201520&subj_code_in=CONX&crse_numb_in=20078&crn_in=&seq_numb_in=')]",https://www.bkstr.com/webapp/wcs/stores/servlet/booklookServlet?bookstore_id-1=525&term_id-1=Spring+2015&div-1=&dept-1=WGS&course-1=291&section-1=B,"SeatInfo(max='Max Enroll: 0', taken='Max Enroll: 0', avail='Max Enroll: 0', wait_list='Max Enroll: 0')",Register under SOC 290. Limited to 35. ,Tuesday Thursday 9:30  - 10:50 
572,WGS,"ClassNumber(num='WGS-298 B01', link='https://weblprod1.wheatonma.edu/PROD/bzcrschd.P_ViewCourseDescription?term_in=201520&subj_code_in=WGS&crse_numb_in=298&crn_in=10501&seq_numb_in=B01')","ClassExam(letter='S.', link='https://weblprod1.wheatonma.edu/PROD/bzcrschd.P_DispExamInfo?exam_code=S.&course=WGS-298 B01&term_code=201520&term_desc=Spring 2015&crn=10501')",Contemporary Filmmaking,10501,['T R 2:00 PM - 3:20 PM'],['Watson Fine Arts Center 122'],"[ClassInstructor(name='Damluji, Mona', link='https://wheatoncollege.edu/academics/faculty-directory/Mona-Damluji/')]",,,,[],https://www.bkstr.com/webapp/wcs/stores/servlet/booklookServlet?bookstore_id-1=525&term_id-1=Spring+2015&div-1=&dept-1=WGS&course-1=298&section-1=B01,"SeatInfo(max='Max Enroll: 0', taken='Max Enroll: 0', avail='Max Enroll: 0', wait_list='Max Enroll: 0')",Register under ARTH 298-B01.  Cross-listed with ARTH 298-B01 and FNMS 298-B01. ,Tuesday Thursday 2:00  - 3:20 
573,WGS,"ClassNumber(num='WGS-298 B02', link='https://weblprod1.wheatonma.edu/PROD/bzcrschd.P_ViewCourseDescription?term_in=201520&subj_code_in=WGS&crse_numb_in=298&crn_in=10512&seq_numb_in=B02')","ClassExam(letter='S.', link='https://weblprod1.wheatonma.edu/PROD/bzcrschd.P_DispExamInfo?exam_code=S.&course=WGS-298 B02&term_code=201520&term_desc=Spring 2015&crn=10512')",Queer Spain,10512,['M W 2:00 PM - 3:20 PM'],['Meneely Hall 303'],"[ClassInstructor(name='Perez-Toribio, Montserrat I.', link='https://wheatoncollege.edu/academics/faculty-directory/Montserrat-Perez-Toribio/')]",,,,[],https://www.bkstr.com/webapp/wcs/stores/servlet/booklookServlet?bookstore_id-1=525&term_id-1=Spring+2015&div-1=&dept-1=WGS&course-1=298&section-1=B02,"SeatInfo(max='Max Enroll: 0', taken='Max Enroll: 0', avail='Max Enroll: 0', wait_list='Max Enroll: 0')",Register under HISP 298 B01. ,Monday Wednesday 2:00  - 3:20 
574,WGS,"ClassNumber(num='WGS-301 B', link='https://weblprod1.wheatonma.edu/PROD/bzcrschd.P_ViewCourseDescription?term_in=201520&subj_code_in=WGS&crse_numb_in=301&crn_in=10491&seq_numb_in=B')","ClassExam(letter='S.', link='https://weblprod1.wheatonma.edu/PROD/bzcrschd.P_DispExamInfo?exam_code=S.&course=WGS-301 B&term_code=201520&term_desc=Spring 2015&crn=10491')","Fashion, Sex and the City",10491,['M W 2:00 PM - 3:20 PM'],['Meneely Hall 306'],"[ClassInstructor(name='Bianchi, Alberto', link='https://wheatoncollege.edu/academics/faculty-directory/Alberto-Bianchi/')]",,DVAH,ARHM,[],https://www.bkstr.com/webapp/wcs/stores/servlet/booklookServlet?bookstore_id-1=525&term_id-1=Spring+2015&div-1=&dept-1=WGS&course-1=301&section-1=B,"SeatInfo(max='Max Enroll: 0', taken='Max Enroll: 0', avail='Max Enroll: 0', wait_list='Max Enroll: 0')",Register under ITAS 310. Taught in English. ,Monday Wednesday 2:00  - 3:20 
575,WGS,"ClassNumber(num='WGS-398 B01', link='https://weblprod1.wheatonma.edu/PROD/bzcrschd.P_ViewCourseDescription?term_in=201520&subj_code_in=WGS&crse_numb_in=398&crn_in=10513&seq_numb_in=B01')","ClassExam(letter='S.', link='https://weblprod1.wheatonma.edu/PROD/bzcrschd.P_DispExamInfo?exam_code=S.&course=WGS-398 B01&term_code=201520&term_desc=Spring 2015&crn=10513')",Queer Spain,10513,['M W 2:00 PM - 3:20 PM'],['Meneely Hall 303'],"[ClassInstructor(name='Perez-Toribio, Montserrat I.', link='https://wheatoncollege.edu/academics/faculty-directory/Montserrat-Perez-Toribio/')]",,,,[],https://www.bkstr.com/webapp/wcs/stores/servlet/booklookServlet?bookstore_id-1=525&term_id-1=Spring+2015&div-1=&dept-1=WGS&course-1=398&section-1=B01,"SeatInfo(max='Max Enroll: 0', taken='Max Enroll: 0', avail='Max Enroll: 0', wait_list='Max Enroll: 0')",Register under HISP 398 B01. ,Monday Wednesday 2:00  - 3:20 
